1   0.02        0.01        0.01        0.001000

1	0.036555	0.010747	0.018062	0.001000
1	0.036319	0.007840	0.018731	0.001000
1	0.036779	0.010943	0.015864	0.001000
1	0.035540	0.019827	0.016659	0.001000
1	0.036077	0.017510	0.016901	0.001000
1	0.035112	0.004074	0.017486	0.001000
1	0.030383	0.002016	0.018151	0.001000
1	0.031772	0.004731	0.019337	0.001000
1	0.030745	0.019793	0.016209	0.001000
1	0.032188	0.014604	0.016890	0.001000
1	0.032523	0.009859	0.015994	0.001000
1	0.035288	0.001150	0.010642	0.001000
1	0.036252	0.016021	0.011365	0.001000
1	0.035668	0.010902	0.012353	0.001000
1	0.035857	0.013441	0.012207	0.001000
1	0.037501	0.005678	0.014457	0.001000
1	0.038957	0.002137	0.014549	0.001000
1	0.031355	0.003197	0.012805	0.001000
1	0.032100	0.008302	0.011102	0.001000
1	0.032948	0.005474	0.013407	0.001000
1	0.033863	0.012615	0.013055	0.001000
1	0.032125	0.016191	0.014620	0.001000
1	0.034928	0.000050	0.014658	0.001000
1	0.031702	0.019830	0.010103	0.001000
1	0.034325	0.017499	0.010664	0.001000
1	0.034567	0.007026	0.011530	0.001000
1	0.033027	0.018613	0.012227	0.001000
1	0.035255	0.004423	0.007390	0.001000
1	0.038231	0.009663	0.008710	0.001000
1	0.035510	0.010265	0.009217	0.001000
1	0.036688	0.009888	0.005695	0.001000
1	0.036640	0.012163	0.006980	0.001000
1	0.037569	0.005212	0.006550	0.001000
1	0.038496	0.014308	0.007249	0.001000
1	0.038726	0.000301	0.007240	0.001000
1	0.032429	0.016565	0.007944	0.001000
1	0.030068	0.001174	0.008869	0.001000
1	0.030917	0.015869	0.009388	0.001000
1	0.031120	0.007767	0.009434	0.001000
1	0.034872	0.005754	0.009557	0.001000
1	0.031006	0.009794	0.006309	0.001000
1	0.030783	0.006174	0.006962	0.001000
1	0.033381	0.002127	0.007305	0.001000
1	0.035380	0.007231	0.003253	0.001000
1	0.038495	0.006693	0.003320	0.001000
1	0.034296	0.015661	0.005430	0.001000
1	0.035337	0.002869	0.001509	0.001000
1	0.037739	0.018499	0.004574	0.001000
1	0.038481	0.013471	0.000379	0.001000
1	0.038515	0.019642	0.002049	0.001000
1	0.031231	0.019752	0.004279	0.001000
1	0.031683	0.003421	0.001493	0.001000
1	0.030927	0.015163	0.001916	0.001000
1	0.030929	0.011185	0.002256	0.001000
1	0.034598	0.018781	0.001522	0.001000
1	0.025656	0.012999	0.018424	0.001000
1	0.025453	0.019891	0.018811	0.001000
1	0.028132	0.010951	0.017609	0.001000
1	0.027785	0.006240	0.015336	0.001000
1	0.029198	0.016953	0.015124	0.001000
1	0.029212	0.014118	0.015608	0.001000
1	0.028402	0.008399	0.017274	0.001000
1	0.020008	0.007853	0.015375	0.001000
1	0.023957	0.002211	0.018835	0.001000
1	0.022713	0.015760	0.019947	0.001000
1	0.028148	0.003658	0.012829	0.001000
1	0.025334	0.009447	0.013114	0.001000
1	0.027521	0.015463	0.013262	0.001000
1	0.025384	0.015926	0.011422	0.001000
1	0.029902	0.000467	0.011370	0.001000
1	0.020519	0.008881	0.013008	0.001000
1	0.021438	0.015210	0.013203	0.001000
1	0.021967	0.007396	0.013724	0.001000
1	0.022578	0.002722	0.010419	0.001000
1	0.021617	0.018223	0.010987	0.001000
1	0.022821	0.008636	0.010638	0.001000
1	0.024301	0.011999	0.013108	0.001000
1	0.023091	0.010146	0.013693	0.001000
1	0.027412	0.003400	0.007716	0.001000
1	0.025136	0.019927	0.008881	0.001000
1	0.026746	0.013675	0.009174	0.001000
1	0.027069	0.006250	0.009629	0.001000
1	0.028506	0.016894	0.005491	0.001000
1	0.029016	0.005544	0.005154	0.001000
1	0.029609	0.012701	0.007262	0.001000
1	0.020759	0.005219	0.007534	0.001000
1	0.022278	0.013440	0.007750	0.001000
1	0.020457	0.019746	0.009060	0.001000
1	0.020328	0.014104	0.007310	0.001000
1	0.024093	0.011638	0.008956	0.001000
1	0.024523	0.013769	0.009122	0.001000
1	0.025803	0.013471	0.002726	0.001000
1	0.026576	0.003258	0.002651	0.001000
1	0.026395	0.005671	0.003947	0.001000
1	0.026533	0.002183	0.004752	0.001000
1	0.024081	0.019827	0.005210	0.001000
1	0.024933	0.014756	0.005442	0.001000
1	0.020131	0.016755	0.006552	0.001000
1	0.028863	0.014020	0.004180	0.001000
1	0.028361	0.005622	0.000360	0.001000
1	0.029149	0.016631	0.000031	0.001000
1	0.028872	0.000830	0.002019	0.001000
1	0.021933	0.004859	0.003451	0.001000
1	0.021882	0.015026	0.003042	0.001000
1	0.020685	0.009517	0.003943	0.001000
1	0.023614	0.012342	0.004214	0.001000
1	0.024733	0.005700	0.000041	0.001000
1	0.021606	0.005938	0.000852	0.001000
1	0.024767	0.009898	0.000719	0.001000
1	0.022539	0.018779	0.001139	0.001000
1	0.016664	0.014610	0.017694	0.001000
1	0.015830	0.011221	0.018353	0.001000
1	0.018285	0.003624	0.018855	0.001000
1	0.015368	0.005534	0.015721	0.001000
1	0.018568	0.016846	0.017865	0.001000
1	0.019122	0.015342	0.019793	0.001000
1	0.019251	0.019403	0.016230	0.001000
1	0.014165	0.009877	0.018524	0.001000
1	0.011654	0.019638	0.019763	0.001000
1	0.012058	0.017078	0.019890	0.001000
1	0.010339	0.009170	0.016131	0.001000
1	0.013537	0.004613	0.017354	0.001000
1	0.015221	0.017109	0.013970	0.001000
1	0.019112	0.003338	0.013889	0.001000
1	0.015509	0.001226	0.014615	0.001000
1	0.012635	0.014134	0.017098	0.001000
1	0.017079	0.007187	0.010215	0.001000
1	0.015775	0.013879	0.011293	0.001000
1	0.016981	0.009549	0.011903	0.001000
1	0.018058	0.004228	0.010741	0.001000
1	0.019249	0.009021	0.011263	0.001000
1	0.010356	0.009817	0.013732	0.001000
1	0.011882	0.005631	0.010498	0.001000
1	0.012820	0.003644	0.013161	0.001000
1	0.011482	0.015451	0.014711	0.001000
1	0.013043	0.010071	0.014979	0.001000
1	0.010417	0.011489	0.011548	0.001000
1	0.015951	0.002100	0.005702	0.001000
1	0.017129	0.019486	0.009367	0.001000
1	0.018837	0.007881	0.005335	0.001000
1	0.017975	0.013256	0.005775	0.001000
1	0.011913	0.011222	0.007879	0.001000
1	0.014720	0.009270	0.007876	0.001000
1	0.014796	0.018289	0.007567	0.001000
1	0.011138	0.013361	0.005169	0.001000
1	0.014089	0.000387	0.005362	0.001000
1	0.010744	0.002668	0.006140	0.001000
1	0.018798	0.001126	0.004278	0.001000
1	0.016507	0.018409	0.000599	0.001000
1	0.017217	0.016750	0.001911	0.001000
1	0.019942	0.000575	0.001602	0.001000
1	0.016819	0.009445	0.002439	0.001000
1	0.010551	0.003227	0.003537	0.001000
1	0.011051	0.000019	0.004274	0.001000
1	0.011305	0.010813	0.001443	0.001000
1	0.011979	0.001166	0.002042	0.001000
1	0.013775	0.013982	0.003335	0.001000
1	0.014037	0.009867	0.003594	0.001000
1	0.005199	0.012103	0.018970	0.001000
1	0.005278	0.005384	0.019237	0.001000
1	0.005701	0.001106	0.016679	0.001000
1	0.008268	0.015696	0.018025	0.001000
1	0.008171	0.009552	0.018558	0.001000
1	0.009080	0.003485	0.018955	0.001000
1	0.006330	0.016254	0.016156	0.001000
1	0.002288	0.001291	0.019517	0.001000
1	0.003285	0.010876	0.017792	0.001000
1	0.003472	0.017474	0.018414	0.001000
1	0.002638	0.005731	0.019557	0.001000
1	0.003877	0.010063	0.019541	0.001000
1	0.003160	0.012691	0.016480	0.001000
1	0.003449	0.005046	0.016605	0.001000
1	0.005265	0.014006	0.013326	0.001000
1	0.006232	0.007717	0.014564	0.001000
1	0.007149	0.012162	0.014778	0.001000
1	0.007615	0.017618	0.014957	0.001000
1	0.006839	0.012252	0.010644	0.001000
1	0.005768	0.005408	0.011078	0.001000
1	0.006991	0.018766	0.011076	0.001000
1	0.008984	0.016005	0.010808	0.001000
1	0.001446	0.009085	0.012783	0.001000
1	0.004942	0.004785	0.013507	0.001000
1	0.002599	0.013730	0.014587	0.001000
1	0.002327	0.012516	0.010985	0.001000
1	0.001196	0.000804	0.011065	0.001000
1	0.004960	0.019399	0.014718	0.001000
1	0.005765	0.012306	0.007751	0.001000
1	0.006514	0.015951	0.007718	0.001000
1	0.007251	0.005277	0.008119	0.001000
1	0.003613	0.016123	0.012433	0.001000
1	0.005961	0.000880	0.005981	0.001000
1	0.009833	0.010827	0.007850	0.001000
1	0.008610	0.019626	0.008011	0.001000
1	0.008891	0.010100	0.009718	0.001000
1	0.007849	0.014425	0.006789	0.001000
1	0.001035	0.005873	0.005628	0.001000
1	0.001803	0.012530	0.005616	0.001000
1	0.001696	0.000505	0.007368	0.001000
1	0.003254	0.013148	0.008111	0.001000
1	0.003750	0.009900	0.008422	0.001000
1	0.003086	0.015621	0.008743	0.001000
1	0.003857	0.005839	0.008852	0.001000
1	0.006841	0.008203	0.003818	0.001000
1	0.006301	0.003841	0.004397	0.001000
1	0.005828	0.011983	0.004665	0.001000
1	0.003027	0.002428	0.006530	0.001000
1	0.005297	0.006773	0.001847	0.001000
1	0.009400	0.014847	0.002863	0.001000
1	0.008348	0.015634	0.004629	0.001000
1	0.006835	0.018877	0.002469	0.001000
1	0.004431	0.000009	0.002621	0.001000
1	0.004441	0.013208	0.003204	0.001000
1	0.004806	0.004343	0.003072	0.001000
1	0.001114	0.013760	0.003785	0.001000
1	0.003521	0.016858	0.004891	0.001000
1	0.001361	0.009703	0.000907	0.001000