     1    36.55        10.75        18.06    
     2    36.55        10.75        18.06    
     3    36.55        10.75        18.06    
     4    36.55        10.75        18.06    
     5    36.55        10.75        18.06    
     6    36.55        10.75        18.06    
     7    36.55        10.75        18.06    
     8    36.55        10.75        18.06    
     9    36.55        10.75        18.06    
    10    36.55        10.75        18.06    
    11    36.55        10.75        18.06    
    12    36.55        10.75        18.06    
    13    36.55        10.75        18.06    
    14    36.55        10.75        18.06    
    15    36.55        10.75        18.06    
    16    36.55        10.75        18.06    
    17    36.55        10.75        18.06    
    18    36.55        10.75        18.06    
    19    36.55        10.75        18.06    
    20    36.55        10.75        18.06    
    21    36.55        10.75        18.06    
    22    36.55        10.75        18.06    
    23    36.55        10.75        18.06    
    24    36.55        10.75        18.06    
    25    36.55        10.75        18.06    
    26    36.55        10.75        18.06    
    27    36.55        10.75        18.06    
    28    36.55        10.75        18.06    
    29    36.55        10.75        18.06    
    30    36.55        10.75        18.06    
    31    36.55        10.75        18.06    
    32    36.55        10.75        18.06    
    33    36.55        10.75        18.06    
    34    36.55        10.75        18.06    
    35    36.55        10.75        18.06    
    36    36.55        10.75        18.06    
    37    36.55        10.75        18.06    
    38    36.55        10.75        18.06    
    39    36.55        10.75        18.06    
    40    36.55        10.75        18.06    
    41    36.55        10.75        18.06    
    42    36.55        10.75        18.06    
    43    36.55        10.75        18.06    
    44    36.55        10.75        18.06    
    45    36.55        10.75        18.06    
    46    36.55        10.75        18.06    
    47    36.55        10.75        18.06    
    48    36.55        10.75        18.06    
    49    36.55        10.75        18.06    
    50    36.55        10.75        18.06    
    51    36.55        10.75        18.06    
    52    36.55        10.75        18.06    
    53    36.55        10.75        18.06    
    54    36.55        10.75        18.06    
    55    36.55        10.75        18.06    
    56    36.55        10.75        18.06    
    57    36.55        10.75        18.06    
    58    36.55        10.75        18.06    
    59    36.55        10.75        18.06    
    60    36.55        10.75        18.06    
    61    36.55        10.75        18.06    
    62    36.55        10.75        18.06    
    63    36.55        10.75        18.06    
    64    36.55        10.75        18.06    
    65    36.55        10.75        18.06    
    66    36.55        10.75        18.06    
    67    36.55        10.75        18.06    
    68    36.55        10.75        18.06    
    69    36.55        10.75        18.06    
    70    36.55        10.75        18.06    
    71    36.55        10.75        18.06    
    72    36.55        10.75        18.06    
    73    36.55        10.75        18.06    
    74    36.55        10.75        18.06    
    75    36.55        10.75        18.06    
    76    36.55        10.75        18.06    
    77    36.55        10.75        18.06    
    78    36.55        10.75        18.06    
    79    36.55        10.75        18.06    
    80    36.55        10.75        18.06    
    81    36.55        10.75        18.06    
    82    36.55        10.75        18.06    
    83    36.55        10.75        18.06    
    84    36.55        10.75        18.06    
    85    36.55        10.75        18.06    
    86    36.55        10.75        18.06    
    87    36.55        10.75        18.06    
    88    36.55        10.75        18.06    
    89    36.55        10.75        18.06    
    90    36.55        10.75        18.06    
    91    36.55        10.75        18.06    
    92    36.55        10.75        18.06    
    93    36.55        10.75        18.06    
    94    36.55        10.75        18.06    
    95    36.55        10.75        18.06    
    96    36.55        10.75        18.06    
    97    36.55        10.75        18.06    
    98    36.55        10.75        18.06    
    99    36.55        10.75        18.06    
   100    36.55        10.75        18.06    
   101    36.55        10.75        18.06    
   102    36.55        10.75        18.06    
   103    36.55        10.75        18.06    
   104    36.55        10.75        18.06    
   105    36.55        10.75        18.06    
   106    36.55        10.75        18.06    
   107    36.55        10.75        18.06    
   108    36.55        10.75        18.06    
   109    36.55        10.75        18.06    
   110    36.55        10.75        18.06    
   111    36.55        10.75        18.06    
   112    36.55        10.75        18.06    
   113    36.55        10.75        18.06    
   114    36.55        10.75        18.06    
   115    36.55        10.75        18.06    
   116    36.55        10.75        18.06    
   117    36.55        10.75        18.06    
   118    36.55        10.75        18.06    
   119    36.55        10.75        18.06    
   120    36.55        10.75        18.06    
   121    36.55        10.75        18.06    
   122    36.55        10.75        18.06    
   123    36.55        10.75        18.06    
   124    36.55        10.75        18.06    
   125    36.55        10.75        18.06    
   126    36.55        10.75        18.06    
   127    36.55        10.75        18.06    
   128    36.55        10.75        18.06    
   129    36.55        10.75        18.06    
   130    36.55        10.75        18.06    
   131    36.55        10.75        18.06    
   132    36.55        10.75        18.06    
   133    36.55        10.75        18.06    
   134    36.55        10.75        18.06    
   135    36.55        10.75        18.06    
   136    36.55        10.75        18.06    
   137    36.55        10.75        18.06    
   138    36.55        10.75        18.06    
   139    36.55        10.75        18.06    
   140    36.55        10.75        18.06    
   141    36.55        10.75        18.06    
   142    36.55        10.75        18.06    
   143    36.55        10.75        18.06    
   144    36.55        10.75        18.06    
   145    36.55        10.75        18.06    
   146    36.55        10.75        18.06    
   147    36.55        10.75        18.06    
   148    36.55        10.75        18.06    
   149    36.55        10.75        18.06    
   150    36.55        10.75        18.06    
   151    36.55        10.75        18.06    
   152    36.55        10.75        18.06    
   153    36.55        10.75        18.06    
   154    36.55        10.75        18.06    
   155    36.55        10.75        18.06    
   156    36.55        10.75        18.06    
   157    36.55        10.75        18.06    
   158    36.55        10.75        18.06    
   159    36.55        10.75        18.06    
   160    36.55        10.75        18.06    
   161    36.55        10.75        18.06    
   162    36.55        10.75        18.06    
   163    36.55        10.75        18.06    
   164    36.55        10.75        18.06    
   165    36.55        10.75        18.06    
   166    36.55        10.75        18.06    
   167    36.55        10.75        18.06    
   168    36.55        10.75        18.06    
   169    36.55        10.75        18.06    
   170    36.55        10.75        18.06    
   171    36.55        10.75        18.06    
   172    36.55        10.75        18.06    
   173    36.55        10.75        18.06    
   174    36.55        10.75        18.06    
   175    36.55        10.75        18.06    
   176    36.55        10.75        18.06    
   177    36.55        10.75        18.06    
   178    36.55        10.75        18.06    
   179    36.55        10.75        18.06    
   180    36.55        10.75        18.06    
   181    36.55        10.75        18.06    
   182    36.55        10.75        18.06    
   183    36.55        10.75        18.06    
   184    36.55        10.75        18.06    
   185    36.55        10.75        18.06    
   186    36.55        10.75        18.06    
   187    36.55        10.75        18.06    
   188    36.55        10.75        18.06    
   189    36.55        10.75        18.06    
   190    36.55        10.75        18.06    
   191    36.55        10.75        18.06    
   192    36.55        10.75        18.06    
   193    36.55        10.75        18.06    
   194    36.55        10.75        18.06    
   195    36.55        10.75        18.06    
   196    36.55        10.75        18.06    
   197    36.55        10.75        18.06    
   198    36.55        10.75        18.06    
   199    36.55        10.75        18.06    
   200    36.55        10.75        18.06    
   201    36.55        10.75        18.06    
   202    36.55        10.75        18.06    
   203    36.55        10.75        18.06    
   204    36.55        10.75        18.06    
   205    36.55        10.75        18.06    
   206    36.55        10.75        18.06    
   207    36.55        10.75        18.06    
   208    36.55        10.75        18.06    
   209    36.55        10.75        18.06    
   210    36.55        10.75        18.06    
   211    36.55        10.75        18.06    
   212    36.55        10.75        18.06    
   213    36.55        10.75        18.06    
   214    36.55        10.75        18.06    
   215    36.55        10.75        18.06    
   216    36.55        10.75        18.06    
   217    36.55        10.75        18.06    
   218    36.55        10.75        18.06    
   219    36.55        10.75        18.06    
   220    36.55        10.75        18.06    
   221    36.55        10.75        18.06    
   222    36.55        10.75        18.06    
   223    36.55        10.75        18.06    
   224    36.55        10.75        18.06    
   225    36.55        10.75        18.06    
   226    36.55        10.75        18.06    
   227    36.55        10.75        18.06    
   228    36.55        10.75        18.06    
   229    36.55        10.75        18.06    
   230    36.55        10.75        18.06    
   231    36.55        10.75        18.06    
   232    36.55        10.75        18.06    
   233    36.55        10.75        18.06    
   234    36.55        10.75        18.06    
   235    36.55        10.75        18.06    
   236    36.55        10.75        18.06    
   237    36.55        10.75        18.06    
   238    36.55        10.75        18.06    
   239    36.55        10.75        18.06    
   240    36.55        10.75        18.06    
   241    36.55        10.75        18.06    
   242    36.55        10.75        18.06    
   243    36.55        10.75        18.06    
   244    36.55        10.75        18.06    
   245    36.55        10.75        18.06    
   246    36.55        10.75        18.06    
   247    36.55        10.75        18.06    
   248    36.55        10.75        18.06    
   249    36.55        10.75        18.06    
   250    36.55        10.75        18.06    
   251    36.55        10.75        18.06    
   252    36.55        10.75        18.06    
   253    36.55        10.75        18.06    
   254    36.55        10.75        18.06    
   255    36.55        10.75        18.06    
   256    36.55        10.75        18.06    
   257    36.55        10.75        18.06    
   258    36.55        10.75        18.06    
   259    36.55        10.75        18.06    
   260    36.55        10.75        18.06    
   261    36.55        10.75        18.06    
   262    36.55        10.75        18.06    
   263    36.55        10.75        18.06    
   264    36.55        10.75        18.06    
   265    36.55        10.75        18.06    
   266    36.55        10.75        18.06    
   267    36.55        10.75        18.06    
   268    36.55        10.75        18.06    
   269    36.55        10.75        18.06    
   270    36.55        10.75        18.06    
   271    36.55        10.75        18.06    
   272    36.55        10.75        18.06    
   273    36.55        10.75        18.06    
   274    36.55        10.75        18.06    
   275    36.55        10.75        18.06    
   276    36.55        10.75        18.06    
   277    36.55        10.75        18.06    
   278    36.55        10.75        18.06    
   279    36.55        10.75        18.06    
   280    36.55        10.75        18.06    
   281    36.55        10.75        18.06    
   282    36.55        10.75        18.06    
   283    36.55        10.75        18.06    
   284    36.55        10.75        18.06    
   285    36.55        10.75        18.06    
   286    36.55        10.75        18.06    
   287    36.55        10.75        18.06    
   288    36.55        10.75        18.06    
   289    36.55        10.75        18.06    
   290    36.55        10.75        18.06    
   291    36.55        10.75        18.06    
   292    36.55        10.75        18.06    
   293    36.55        10.75        18.06    
   294    36.55        10.75        18.06    
   295    36.55        10.75        18.06    
   296    36.55        10.75        18.06    
   297    36.55        10.75        18.06    
   298    36.55        10.75        18.06    
   299    36.55        10.75        18.06    
   300    36.55        10.75        18.06    
   301    36.55        10.75        18.06    
   302    36.55        10.75        18.06    
   303    36.55        10.75        18.06    
   304    36.55        10.75        18.06    
   305    36.55        10.75        18.06    
   306    36.55        10.75        18.06    
   307    36.55        10.75        18.06    
   308    36.55        10.75        18.06    
   309    36.55        10.75        18.06    
   310    36.55        10.75        18.06    
   311    36.55        10.75        18.06    
   312    36.55        10.75        18.06    
   313    36.55        10.75        18.06    
   314    36.55        10.75        18.06    
   315    36.55        10.75        18.06    
   316    36.55        10.75        18.06    
   317    36.55        10.75        18.06    
   318    36.55        10.75        18.06    
   319    36.55        10.75        18.06    
   320    36.55        10.75        18.06    
   321    36.55        10.75        18.06    
   322    36.55        10.75        18.06    
   323    36.55        10.75        18.06    
   324    36.55        10.75        18.06    
   325    36.55        10.75        18.06    
   326    36.55        10.75        18.06    
   327    36.55        10.75        18.06    
   328    36.55        10.75        18.06    
   329    36.55        10.75        18.06    
   330    36.55        10.75        18.06    
   331    36.55        10.75        18.06    
   332    36.55        10.75        18.06    
   333    36.55        10.75        18.06    
   334    36.55        10.75        18.06    
   335    36.55        10.75        18.06    
   336    36.55        10.75        18.06    
   337    36.55        10.75        18.06    
   338    36.55        10.75        18.06    
   339    36.55        10.75        18.06    
   340    36.55        10.75        18.06    
   341    36.55        10.75        18.06    
   342    36.55        10.75        18.06    
   343    36.55        10.75        18.06    
   344    36.55        10.75        18.06    
   345    36.55        10.75        18.06    
   346    36.55        10.75        18.06    
   347    36.55        10.75        18.06    
   348    36.55        10.75        18.06    
   349    36.55        10.75        18.06    
   350    36.55        10.75        18.06    
   351    36.55        10.75        18.06    
   352    36.55        10.75        18.06    
   353    36.55        10.75        18.06    
   354    36.55        10.75        18.06    
   355    36.55        10.75        18.06    
   356    36.55        10.75        18.06    
   357    36.55        10.75        18.06    
   358    36.55        10.75        18.06    
   359    36.55        10.75        18.06    
   360    36.55        10.75        18.06    
   361    36.55        10.75        18.06    
   362    36.55        10.75        18.06    
   363    36.55        10.75        18.06    
   364    36.55        10.75        18.06    
   365    36.55        10.75        18.06    
   366    36.55        10.75        18.06    
   367    36.55        10.75        18.06    
   368    36.55        10.75        18.06    
   369    36.55        10.75        18.06    
   370    36.55        10.75        18.06    
   371    36.55        10.75        18.06    
   372    36.55        10.75        18.06    
   373    36.55        10.75        18.06    
   374    36.55        10.75        18.06    
   375    36.55        10.75        18.06    
   376    36.55        10.75        18.06    
   377    36.55        10.75        18.06    
   378    36.55        10.75        18.06    
   379    36.55        10.75        18.06    
   380    36.55        10.75        18.06    
   381    36.55        10.75        18.06    
   382    36.55        10.75        18.06    
   383    36.55        10.75        18.06    
   384    36.55        10.75        18.06    
   385    36.55        10.75        18.06    
   386    36.55        10.75        18.06    
   387    36.55        10.75        18.06    
   388    36.55        10.75        18.06    
   389    36.55        10.75        18.06    
   390    36.55        10.75        18.06    
   391    36.55        10.75        18.06    
   392    36.55        10.75        18.06    
   393    36.55        10.75        18.06    
   394    36.55        10.75        18.06    
   395    36.55        10.75        18.06    
   396    36.55        10.75        18.06    
   397    36.55        10.75        18.06    
   398    36.55        10.75        18.06    
   399    36.55        10.75        18.06    
   400    36.55        10.75        18.06    
   401    36.55        10.75        18.06    
   402    36.55        10.75        18.06    
   403    36.55        10.75        18.06    
   404    36.55        10.75        18.06    
   405    36.55        10.75        18.06    
   406    36.55        10.75        18.06    
   407    36.55        10.75        18.06    
   408    36.55        10.75        18.06    
   409    36.55        10.75        18.06    
   410    36.55        10.75        18.06    
   411    36.55        10.75        18.06    
   412    36.55        10.75        18.06    
   413    36.55        10.75        18.06    
   414    36.55        10.75        18.06    
   415    36.55        10.75        18.06    
   416    36.55        10.75        18.06    
   417    36.55        10.75        18.06    
   418    36.55        10.75        18.06    
   419    36.55        10.75        18.06    
