1	5.08320E-03	3.71992E-02	1.84542E-02	1.00000E-03
1	7.44760E-03	3.50022E-02	1.86974E-02	1.00000E-03
1	1.09987E-02	3.52646E-02	1.89602E-02	1.00000E-03
1	1.28232E-02	3.66808E-02	1.88812E-02	1.00000E-03
1	1.70566E-02	3.73504E-02	1.87828E-02	1.00000E-03
1	3.50560E-03	3.89900E-02	1.88932E-02	1.00000E-03
1	6.75280E-03	3.89726E-02	1.89154E-02	1.00000E-03
1	1.49172E-02	3.51258E-02	1.92294E-02	1.00000E-03
1	9.49146E-03	3.70406E-02	1.90496E-02	1.00000E-03
1	1.10240E-03	3.76148E-02	1.90676E-02	1.00000E-03
1	1.10731E-02	3.87458E-02	1.92482E-02	1.00000E-03
1	1.90708E-02	3.88980E-02	1.94886E-02	1.00000E-03
1	6.86300E-03	3.52692E-02	1.53820E-02	1.00000E-03
1	1.49440E-02	3.52248E-02	1.53340E-02	1.00000E-03
1	1.97508E-02	3.52778E-02	1.53648E-02	1.00000E-03
1	9.30600E-04	3.69358E-02	1.51318E-02	1.00000E-03
1	9.38150E-03	3.74796E-02	1.53314E-02	1.00000E-03
1	1.27370E-02	3.72044E-02	1.50614E-02	1.00000E-03
1	4.67420E-03	3.51558E-02	1.66930E-02	1.00000E-03
1	1.33052E-02	3.54306E-02	1.69272E-02	1.00000E-03
1	1.09205E-02	3.65070E-02	1.68988E-02	1.00000E-03
1	1.51110E-02	3.70544E-02	1.68336E-02	1.00000E-03
1	5.18260E-03	3.88376E-02	1.68274E-02	1.00000E-03
1	8.93466E-03	3.89936E-02	1.66454E-02	1.00000E-03
1	6.77980E-03	3.69006E-02	1.74330E-02	1.00000E-03
1	3.45580E-03	3.73158E-02	1.70666E-02	1.00000E-03
1	1.94332E-02	3.72040E-02	1.71844E-02	1.00000E-03
1	8.05000E-04	3.87670E-02	1.71710E-02	1.00000E-03
1	1.29434E-02	3.87348E-02	1.70770E-02	1.00000E-03
1	1.53374E-02	3.85540E-02	1.92582E-02	1.00000E-03
1	1.73658E-02	3.85582E-02	1.65620E-02	1.00000E-03
1	6.21600E-04	3.14502E-02	1.75206E-02	1.00000E-03
1	8.49590E-03	3.27816E-02	1.82590E-02	1.00000E-03
1	1.47874E-02	3.01154E-02	1.88004E-02	1.00000E-03
1	2.87020E-03	3.08516E-02	1.86946E-02	1.00000E-03
1	4.32360E-03	3.36976E-02	1.87246E-02	1.00000E-03
1	1.14404E-02	3.11408E-02	1.90364E-02	1.00000E-03
1	1.83754E-02	3.10098E-02	1.92698E-02	1.00000E-03
1	7.77800E-04	3.29484E-02	1.93344E-02	1.00000E-03
1	2.46200E-03	3.45426E-02	1.91908E-02	1.00000E-03
1	7.22000E-03	3.16014E-02	1.95966E-02	1.00000E-03
1	6.92580E-03	3.08102E-02	1.53894E-02	1.00000E-03
1	1.12547E-02	3.10000E-02	1.52258E-02	1.00000E-03
1	1.52914E-02	3.14308E-02	1.52122E-02	1.00000E-03
1	8.55904E-03	3.02974E-02	1.68872E-02	1.00000E-03
1	4.73760E-03	3.04392E-02	1.72072E-02	1.00000E-03
1	1.70632E-02	3.09872E-02	1.70146E-02	1.00000E-03
1	1.29086E-02	3.10434E-02	1.74538E-02	1.00000E-03
1	2.15540E-03	3.31418E-02	1.70444E-02	1.00000E-03
1	9.23800E-04	3.47626E-02	1.72432E-02	1.00000E-03
1	8.70950E-03	3.46672E-02	1.71474E-02	1.00000E-03
1	1.29414E-02	3.34186E-02	1.91238E-02	1.00000E-03
1	1.89902E-02	3.45298E-02	1.90944E-02	1.00000E-03
1	1.71766E-02	3.30226E-02	1.95366E-02	1.00000E-03
1	3.15240E-03	3.67592E-02	1.29008E-02	1.00000E-03
1	1.15237E-02	3.65928E-02	1.27672E-02	1.00000E-03
1	6.59800E-04	3.52300E-02	1.32218E-02	1.00000E-03
1	1.71804E-02	3.51662E-02	1.34290E-02	1.00000E-03
1	7.15940E-03	3.68938E-02	1.33530E-02	1.00000E-03
1	1.87522E-02	3.66520E-02	1.33318E-02	1.00000E-03
1	1.48506E-02	3.72702E-02	1.31784E-02	1.00000E-03
1	4.60720E-03	3.84688E-02	1.30240E-02	1.00000E-03
1	1.71554E-02	3.69468E-02	1.49154E-02	1.00000E-03
1	4.94540E-03	3.70942E-02	1.46308E-02	1.00000E-03
1	2.88520E-03	3.89888E-02	1.46550E-02	1.00000E-03
1	1.29472E-02	3.30058E-02	1.53288E-02	1.00000E-03
1	1.07840E-02	3.47004E-02	1.52342E-02	1.00000E-03
1	1.74700E-02	3.46086E-02	1.68872E-02	1.00000E-03
1	1.12866E-02	3.29036E-02	1.70018E-02	1.00000E-03
1	1.50692E-02	3.28024E-02	1.71514E-02	1.00000E-03
1	6.77080E-03	3.32802E-02	1.70462E-02	1.00000E-03
1	1.93464E-02	3.32064E-02	1.73738E-02	1.00000E-03
1	6.85360E-03	3.50844E-02	1.07791E-02	1.00000E-03
1	1.88682E-02	3.50676E-02	1.09822E-02	1.00000E-03
1	6.74200E-04	3.63512E-02	1.10112E-02	1.00000E-03
1	5.25880E-03	3.68234E-02	1.10429E-02	1.00000E-03
1	9.09198E-03	3.67548E-02	1.10784E-02	1.00000E-03
1	1.30864E-02	3.70284E-02	1.14557E-02	1.00000E-03
1	1.66694E-02	3.68732E-02	1.16908E-02	1.00000E-03
1	8.99870E-03	3.86864E-02	1.29496E-02	1.00000E-03
1	1.28174E-02	3.87652E-02	1.27500E-02	1.00000E-03
1	1.65030E-02	3.88376E-02	1.28762E-02	1.00000E-03
1	1.39760E-03	3.84738E-02	1.32664E-02	1.00000E-03
1	1.89122E-02	3.88252E-02	1.44598E-02	1.00000E-03
1	6.38120E-03	3.87936E-02	1.49970E-02	1.00000E-03
1	1.13636E-02	3.89692E-02	1.48546E-02	1.00000E-03
1	1.47662E-02	3.86784E-02	1.47710E-02	1.00000E-03
1	1.50402E-02	3.53466E-02	1.06571E-02	1.00000E-03
1	2.97360E-03	3.87420E-02	1.08294E-02	1.00000E-03
1	1.17238E-02	3.88752E-02	1.09245E-02	1.00000E-03
1	1.85262E-02	3.89154E-02	1.06310E-02	1.00000E-03
1	1.44704E-02	3.84732E-02	1.11422E-02	1.00000E-03
1	6.60320E-03	3.88156E-02	1.10217E-02	1.00000E-03
1	5.56200E-03	3.07412E-02	1.27790E-02	1.00000E-03
1	1.29610E-02	3.09336E-02	1.28796E-02	1.00000E-03
1	1.49000E-03	3.08452E-02	1.31688E-02	1.00000E-03
1	9.38534E-03	3.08230E-02	1.31662E-02	1.00000E-03
1	3.34700E-03	3.07464E-02	1.45664E-02	1.00000E-03
1	1.88380E-02	3.07242E-02	1.49978E-02	1.00000E-03
1	6.83640E-03	3.11130E-02	1.03928E-02	1.00000E-03
1	3.57280E-03	3.07206E-02	1.08297E-02	1.00000E-03
1	3.11480E-03	3.28518E-02	1.27340E-02	1.00000E-03
1	9.12226E-03	3.47470E-02	1.28240E-02	1.00000E-03
1	1.91110E-02	3.28200E-02	1.31816E-02	1.00000E-03
1	1.11713E-02	3.31100E-02	1.30034E-02	1.00000E-03
1	1.51570E-02	3.39904E-02	1.32026E-02	1.00000E-03
1	4.50260E-03	3.47130E-02	1.30818E-02	1.00000E-03
1	1.27530E-02	3.46400E-02	1.33104E-02	1.00000E-03
1	7.13820E-03	3.33688E-02	1.35132E-02	1.00000E-03
1	1.66362E-02	3.29390E-02	1.43642E-02	1.00000E-03
1	1.61140E-03	3.30100E-02	1.44372E-02	1.00000E-03
1	5.11560E-03	3.29278E-02	1.45910E-02	1.00000E-03
1	9.19420E-03	3.29578E-02	1.45354E-02	1.00000E-03
1	3.28460E-03	3.49880E-02	1.48640E-02	1.00000E-03
1	6.81400E-04	3.51386E-02	8.74502E-03	1.00000E-03
1	9.42396E-03	3.50784E-02	8.61988E-03	1.00000E-03
1	5.13920E-03	3.51526E-02	9.42066E-03	1.00000E-03
1	3.44040E-03	3.63992E-02	9.38286E-03	1.00000E-03
1	6.78440E-03	3.69978E-02	9.69246E-03	1.00000E-03
1	1.30526E-02	3.25810E-02	1.06885E-02	1.00000E-03
1	1.71822E-02	3.28714E-02	1.06540E-02	1.00000E-03
1	1.12874E-02	3.48082E-02	1.06642E-02	1.00000E-03
1	1.12788E-02	3.10032E-02	1.13891E-02	1.00000E-03
1	1.86462E-02	3.12070E-02	1.11513E-02	1.00000E-03
1	1.52520E-02	3.15044E-02	1.13773E-02	1.00000E-03
1	9.06028E-03	3.27372E-02	1.13885E-02	1.00000E-03
1	5.04060E-03	3.32198E-02	1.15469E-02	1.00000E-03
1	7.27800E-04	3.35746E-02	1.16427E-02	1.00000E-03
1	2.87580E-03	3.46704E-02	1.15688E-02	1.00000E-03
1	1.69650E-02	3.12294E-02	1.24940E-02	1.00000E-03
1	9.88600E-04	3.50130E-02	5.11240E-03	1.00000E-03
1	3.93960E-03	3.69082E-02	5.19820E-03	1.00000E-03
1	3.15840E-03	3.50760E-02	6.48580E-03	1.00000E-03
1	7.67060E-03	3.51746E-02	6.76580E-03	1.00000E-03
1	7.54800E-04	3.72026E-02	6.66240E-03	1.00000E-03
1	7.46000E-04	3.89928E-02	8.12438E-03	1.00000E-03
1	1.66138E-02	3.89058E-02	8.30784E-03	1.00000E-03
1	1.92220E-02	3.66500E-02	8.79952E-03	1.00000E-03
1	1.11185E-02	3.72294E-02	8.79306E-03	1.00000E-03
1	1.48174E-02	3.70150E-02	8.69350E-03	1.00000E-03
1	9.00104E-03	3.88042E-02	8.90048E-03	1.00000E-03
1	1.29590E-02	3.89056E-02	8.89244E-03	1.00000E-03
1	4.94360E-03	3.87002E-02	9.00818E-03	1.00000E-03
1	1.09564E-02	3.66596E-02	5.19100E-03	1.00000E-03
1	1.89046E-02	3.69186E-02	5.07140E-03	1.00000E-03
1	1.52234E-02	3.70666E-02	5.22000E-03	1.00000E-03
1	1.30548E-02	3.87196E-02	5.29820E-03	1.00000E-03
1	1.51858E-02	3.54302E-02	6.57140E-03	1.00000E-03
1	1.89370E-02	3.51110E-02	6.96260E-03	1.00000E-03
1	1.50490E-02	3.81536E-02	6.98320E-03	1.00000E-03
1	2.91460E-03	3.86910E-02	6.89440E-03	1.00000E-03
1	1.10882E-02	3.52582E-02	7.42800E-03	1.00000E-03
1	5.09860E-03	3.66888E-02	7.14360E-03	1.00000E-03
1	1.29568E-02	3.74222E-02	7.17520E-03	1.00000E-03
1	1.71050E-02	3.72410E-02	7.25800E-03	1.00000E-03
1	8.98346E-03	3.75582E-02	7.30180E-03	1.00000E-03
1	7.10660E-03	3.89472E-02	7.06480E-03	1.00000E-03
1	1.12393E-02	3.88736E-02	7.46080E-03	1.00000E-03
1	1.84686E-02	3.87226E-02	7.23000E-03	1.00000E-03
1	6.57120E-03	3.05292E-02	7.52660E-03	1.00000E-03
1	1.29918E-02	3.14952E-02	8.64122E-03	1.00000E-03
1	1.72186E-02	3.10944E-02	8.86130E-03	1.00000E-03
1	6.58960E-03	3.31096E-02	8.83626E-03	1.00000E-03
1	1.49482E-02	3.31016E-02	8.86340E-03	1.00000E-03
1	1.25606E-02	3.48450E-02	8.92838E-03	1.00000E-03
1	5.05880E-03	3.13032E-02	9.44532E-03	1.00000E-03
1	8.87810E-03	3.10496E-02	9.48948E-03	1.00000E-03
1	8.98400E-04	3.16560E-02	9.13172E-03	1.00000E-03
1	1.92498E-02	3.27846E-02	9.39814E-03	1.00000E-03
1	1.15421E-02	3.30310E-02	9.32454E-03	1.00000E-03
1	1.70850E-02	3.48976E-02	9.18116E-03	1.00000E-03
1	3.00900E-03	3.30058E-02	9.60330E-03	1.00000E-03
1	1.27672E-02	3.09996E-02	5.11660E-03	1.00000E-03
1	9.66370E-03	3.49346E-02	5.05940E-03	1.00000E-03
1	8.44208E-03	3.10718E-02	5.54520E-03	1.00000E-03
1	4.89200E-03	3.26562E-02	6.45140E-03	1.00000E-03
1	7.11000E-04	3.32034E-02	6.37160E-03	1.00000E-03
1	3.20560E-03	3.08124E-02	6.54140E-03	1.00000E-03
1	1.04782E-02	3.08238E-02	6.94560E-03	1.00000E-03
1	1.52202E-02	3.08448E-02	7.01240E-03	1.00000E-03
1	1.92396E-02	3.10696E-02	7.00580E-03	1.00000E-03
1	8.82996E-03	3.31048E-02	7.05320E-03	1.00000E-03
1	1.27894E-02	3.31510E-02	7.11400E-03	1.00000E-03
1	2.74440E-03	3.53812E-02	2.66560E-03	1.00000E-03
1	7.07360E-03	3.52468E-02	2.70960E-03	1.00000E-03
1	5.20500E-03	3.64972E-02	2.84720E-03	1.00000E-03
1	8.92204E-03	3.67060E-02	2.84180E-03	1.00000E-03
1	2.57340E-03	3.83002E-02	2.91260E-03	1.00000E-03
1	1.46124E-02	3.52714E-02	3.14960E-03	1.00000E-03
1	1.90936E-02	3.57774E-02	3.05180E-03	1.00000E-03
1	1.16440E-03	3.64742E-02	3.31480E-03	1.00000E-03
1	1.72202E-02	3.67880E-02	3.29500E-03	1.00000E-03
1	1.22464E-02	3.70148E-02	3.24100E-03	1.00000E-03
1	7.82680E-03	3.87676E-02	3.04800E-03	1.00000E-03
1	4.60320E-03	3.50168E-02	4.86880E-03	1.00000E-03
1	1.32066E-02	3.54010E-02	4.73240E-03	1.00000E-03
1	1.74282E-02	3.51106E-02	4.55220E-03	1.00000E-03
1	6.94280E-03	3.73508E-02	4.83540E-03	1.00000E-03
1	7.91400E-04	3.88994E-02	4.98840E-03	1.00000E-03
1	4.98360E-03	3.88436E-02	4.71560E-03	1.00000E-03
1	9.22090E-03	3.88586E-02	4.61800E-03	1.00000E-03
1	1.71192E-02	3.29190E-02	7.21240E-03	1.00000E-03
1	1.24596E-02	3.53266E-02	3.98400E-04	1.00000E-03
1	9.00094E-03	3.88356E-02	4.00000E-04	1.00000E-03
1	1.46362E-02	3.66874E-02	8.98600E-04	1.00000E-03
1	2.87300E-03	3.71116E-02	7.90800E-04	1.00000E-03
1	7.12500E-03	3.70386E-02	7.73800E-04	1.00000E-03
1	1.14320E-02	3.71052E-02	8.20600E-04	1.00000E-03
1	1.87962E-02	3.68610E-02	1.36640E-03	1.00000E-03
1	1.21340E-03	3.87994E-02	1.28540E-03	1.00000E-03
1	1.13072E-02	3.89916E-02	2.73480E-03	1.00000E-03
1	1.54488E-02	3.88852E-02	3.26820E-03	1.00000E-03
1	1.69282E-02	3.88520E-02	4.94280E-03	1.00000E-03
1	5.27220E-03	3.88916E-02	7.91600E-04	1.00000E-03
1	1.33352E-02	3.85742E-02	6.98000E-04	1.00000E-03
1	1.64946E-02	3.83418E-02	1.02100E-03	1.00000E-03
1	1.87860E-02	3.88850E-02	2.30120E-03	1.00000E-03
1	3.15920E-03	3.08548E-02	2.56100E-03	1.00000E-03
1	1.46920E-02	3.08724E-02	2.86420E-03	1.00000E-03
1	1.35520E-03	3.27466E-02	2.85720E-03	1.00000E-03
1	1.11062E-02	3.09860E-02	3.14460E-03	1.00000E-03
1	1.91538E-02	3.08592E-02	3.03680E-03	1.00000E-03
1	7.02860E-03	3.12046E-02	3.01920E-03	1.00000E-03
1	5.35200E-03	3.03758E-02	4.71820E-03	1.00000E-03
1	9.92200E-04	3.08326E-02	4.50960E-03	1.00000E-03
1	1.72096E-02	3.10414E-02	4.79740E-03	1.00000E-03
1	2.66280E-03	3.28308E-02	4.60200E-03	1.00000E-03
1	9.47260E-03	3.05576E-02	5.61400E-04	1.00000E-03
1	9.57600E-04	3.06638E-02	1.38000E-03	1.00000E-03
1	5.32380E-03	3.09560E-02	1.26320E-03	1.00000E-03
1	1.73326E-02	3.08970E-02	1.04500E-03	1.00000E-03
1	1.32242E-02	3.11888E-02	1.31040E-03	1.00000E-03
1	9.04986E-03	3.27490E-02	3.27080E-03	1.00000E-03
1	1.69596E-02	3.25204E-02	3.42420E-03	1.00000E-03
1	1.09136E-02	3.42350E-02	3.24160E-03	1.00000E-03
1	5.05160E-03	3.32864E-02	3.60340E-03	1.00000E-03
1	1.29254E-02	3.33324E-02	3.73320E-03	1.00000E-03
1	1.05363E-02	3.29812E-02	4.95240E-03	1.00000E-03
1	1.91374E-02	3.25898E-02	4.81580E-03	1.00000E-03
1	6.67840E-03	3.30198E-02	4.79240E-03	1.00000E-03
1	1.51210E-02	3.31654E-02	4.81760E-03	1.00000E-03
1	4.91580E-03	3.47614E-02	3.80600E-04	1.00000E-03
1	7.14480E-03	3.31936E-02	8.65000E-04	1.00000E-03
1	1.14284E-02	3.31984E-02	6.15600E-04	1.00000E-03
1	8.91586E-03	3.43110E-02	8.83800E-04	1.00000E-03
1	1.47062E-02	3.27008E-02	1.13680E-03	1.00000E-03
1	2.83440E-03	3.30936E-02	1.26760E-03	1.00000E-03
1	1.89152E-02	3.31858E-02	1.11980E-03	1.00000E-03
1	1.46060E-03	3.45906E-02	1.20840E-03	1.00000E-03
1	1.67874E-02	3.45910E-02	1.19320E-03	1.00000E-03
1	1.08494E-02	2.51778E-02	1.79412E-02	1.00000E-03
1	7.55720E-03	2.69992E-02	1.93216E-02	1.00000E-03
1	1.10841E-02	2.69698E-02	1.92452E-02	1.00000E-03
1	1.85340E-02	2.69816E-02	1.90988E-02	1.00000E-03
1	2.87400E-03	2.71576E-02	1.94006E-02	1.00000E-03
1	5.38460E-03	2.53364E-02	1.50334E-02	1.00000E-03
1	2.77620E-03	2.67496E-02	1.53008E-02	1.00000E-03
1	1.11391E-02	2.73404E-02	1.50854E-02	1.00000E-03
1	2.46300E-03	2.51394E-02	1.71620E-02	1.00000E-03
1	4.88120E-03	2.63828E-02	1.70186E-02	1.00000E-03
1	7.26200E-04	2.69012E-02	1.73756E-02	1.00000E-03
1	8.97104E-03	2.67864E-02	1.73606E-02	1.00000E-03
1	1.23824E-02	2.69030E-02	1.71010E-02	1.00000E-03
1	1.68368E-02	2.71728E-02	1.75868E-02	1.00000E-03
1	1.67786E-02	2.53050E-02	1.88482E-02	1.00000E-03
1	1.53112E-02	2.74664E-02	1.92886E-02	1.00000E-03
1	1.18700E-03	2.85154E-02	1.93394E-02	1.00000E-03
1	4.88120E-03	2.89932E-02	1.90380E-02	1.00000E-03
1	9.09020E-03	2.87894E-02	1.90894E-02	1.00000E-03
1	1.67866E-02	2.88884E-02	1.93292E-02	1.00000E-03
1	1.29968E-02	2.90404E-02	1.93858E-02	1.00000E-03
1	1.64206E-02	2.52096E-02	1.51568E-02	1.00000E-03
1	1.50916E-02	2.74764E-02	1.50764E-02	1.00000E-03
1	1.84584E-02	2.72276E-02	1.50114E-02	1.00000E-03
1	1.69700E-03	2.90274E-02	1.50870E-02	1.00000E-03
1	8.38270E-03	2.90788E-02	1.52202E-02	1.00000E-03
1	1.68006E-02	2.94796E-02	1.54232E-02	1.00000E-03
1	1.90432E-02	2.91736E-02	1.64342E-02	1.00000E-03
1	1.12314E-02	2.85420E-02	1.66944E-02	1.00000E-03
1	1.53042E-02	2.85976E-02	1.68486E-02	1.00000E-03
1	6.39140E-03	2.89740E-02	1.71032E-02	1.00000E-03
1	2.82900E-03	2.94414E-02	1.70316E-02	1.00000E-03
1	8.94634E-03	2.03494E-02	1.89826E-02	1.00000E-03
1	1.21880E-03	2.09324E-02	1.90344E-02	1.00000E-03
1	5.26960E-03	2.09665E-02	1.94746E-02	1.00000E-03
1	1.29854E-02	2.13622E-02	1.92936E-02	1.00000E-03
1	8.55770E-03	2.06895E-02	1.51374E-02	1.00000E-03
1	1.04360E-03	2.14473E-02	1.50418E-02	1.00000E-03
1	3.02680E-03	2.10889E-02	1.60878E-02	1.00000E-03
1	1.92974E-02	2.11774E-02	1.75316E-02	1.00000E-03
1	3.39840E-03	2.28786E-02	1.88086E-02	1.00000E-03
1	1.84666E-02	2.33604E-02	1.89844E-02	1.00000E-03
1	1.04000E-03	2.46752E-02	1.88912E-02	1.00000E-03
1	4.71980E-03	2.49024E-02	1.89554E-02	1.00000E-03
1	1.72882E-02	2.09733E-02	1.93800E-02	1.00000E-03
1	6.48580E-03	2.29328E-02	1.90138E-02	1.00000E-03
1	1.09647E-02	2.26580E-02	1.92712E-02	1.00000E-03
1	1.54508E-02	2.37422E-02	1.90862E-02	1.00000E-03
1	9.27278E-03	2.49956E-02	1.91780E-02	1.00000E-03
1	1.25328E-02	2.46608E-02	1.91090E-02	1.00000E-03
1	4.69200E-03	2.71624E-02	1.27098E-02	1.00000E-03
1	1.76740E-03	2.68574E-02	1.31102E-02	1.00000E-03
1	1.09660E-03	2.54584E-02	1.49306E-02	1.00000E-03
1	1.29810E-02	2.14633E-02	1.51174E-02	1.00000E-03
1	1.93090E-02	2.27048E-02	1.50374E-02	1.00000E-03
1	2.90460E-03	2.34546E-02	1.54816E-02	1.00000E-03
1	1.09035E-02	2.35758E-02	1.51746E-02	1.00000E-03
1	1.69814E-02	2.11148E-02	1.56720E-02	1.00000E-03
1	1.26052E-02	2.47202E-02	1.56202E-02	1.00000E-03
1	6.96400E-04	2.33452E-02	1.63334E-02	1.00000E-03
1	1.12566E-02	2.07473E-02	1.67692E-02	1.00000E-03
1	1.51174E-02	2.09118E-02	1.68476E-02	1.00000E-03
1	5.40160E-03	2.24626E-02	1.69286E-02	1.00000E-03
1	9.26970E-03	2.34026E-02	1.67030E-02	1.00000E-03
1	6.75660E-03	2.48974E-02	1.65592E-02	1.00000E-03
1	1.44964E-02	2.46646E-02	1.68184E-02	1.00000E-03
1	7.19440E-03	2.12398E-02	1.71324E-02	1.00000E-03
1	1.35436E-02	2.28376E-02	1.73478E-02	1.00000E-03
1	1.69396E-02	2.28682E-02	1.70894E-02	1.00000E-03
1	1.93512E-02	2.48962E-02	1.73408E-02	1.00000E-03
1	8.87310E-03	2.65500E-02	1.26044E-02	1.00000E-03
1	2.95320E-03	2.88184E-02	1.28460E-02	1.00000E-03
1	1.90222E-02	2.53938E-02	1.32446E-02	1.00000E-03
1	1.48980E-02	2.57128E-02	1.30830E-02	1.00000E-03
1	1.28442E-02	2.65852E-02	1.30540E-02	1.00000E-03
1	1.71002E-02	2.70948E-02	1.33210E-02	1.00000E-03
1	1.10355E-02	2.82278E-02	1.31442E-02	1.00000E-03
1	6.84020E-03	2.89476E-02	1.33090E-02	1.00000E-03
1	1.52882E-02	2.88316E-02	1.30808E-02	1.00000E-03
1	1.28648E-02	2.90896E-02	1.43388E-02	1.00000E-03
1	9.07390E-03	2.50488E-02	1.46878E-02	1.00000E-03
1	7.55340E-03	2.66238E-02	1.49266E-02	1.00000E-03
1	4.57100E-03	2.86976E-02	1.45052E-02	1.00000E-03
1	1.31404E-02	2.89474E-02	1.03858E-02	1.00000E-03
1	6.20200E-04	2.52180E-02	1.08778E-02	1.00000E-03
1	1.57806E-02	2.68506E-02	1.08241E-02	1.00000E-03
1	3.31800E-03	2.73422E-02	1.09471E-02	1.00000E-03
1	6.77240E-03	2.79464E-02	1.08877E-02	1.00000E-03
1	1.21760E-03	2.87728E-02	1.08179E-02	1.00000E-03
1	1.91746E-02	2.68786E-02	1.11167E-02	1.00000E-03
1	1.06368E-02	2.73990E-02	1.10340E-02	1.00000E-03
1	5.10480E-03	2.91642E-02	1.12222E-02	1.00000E-03
1	8.69718E-03	2.93962E-02	1.15059E-02	1.00000E-03
1	1.91830E-02	2.90176E-02	1.23164E-02	1.00000E-03
1	1.72232E-02	2.86716E-02	1.04162E-02	1.00000E-03
1	1.90716E-02	2.10868E-02	1.28600E-02	1.00000E-03
1	1.26914E-02	2.24758E-02	1.26142E-02	1.00000E-03
1	6.85840E-03	2.46564E-02	1.29070E-02	1.00000E-03
1	1.07703E-02	2.48948E-02	1.26612E-02	1.00000E-03
1	3.02080E-03	2.07359E-02	1.30678E-02	1.00000E-03
1	1.52872E-02	2.10236E-02	1.30522E-02	1.00000E-03
1	1.67584E-02	2.24466E-02	1.31146E-02	1.00000E-03
1	4.63780E-03	2.29916E-02	1.33216E-02	1.00000E-03
1	9.10942E-03	2.31356E-02	1.32706E-02	1.00000E-03
1	3.37660E-03	2.46604E-02	1.33556E-02	1.00000E-03
1	7.14680E-03	2.08405E-02	1.36116E-02	1.00000E-03
1	1.06086E-02	2.09855E-02	1.35888E-02	1.00000E-03
1	1.26760E-03	2.31192E-02	1.35768E-02	1.00000E-03
1	6.83120E-03	2.30180E-02	1.44722E-02	1.00000E-03
1	4.90960E-03	2.13711E-02	1.49508E-02	1.00000E-03
1	1.28140E-02	2.09931E-02	1.07074E-02	1.00000E-03
1	2.91040E-03	2.33964E-02	1.06815E-02	1.00000E-03
1	5.11240E-03	2.13019E-02	1.14352E-02	1.00000E-03
1	1.15740E-03	2.16921E-02	1.10384E-02	1.00000E-03
1	8.97724E-03	2.15444E-02	1.13341E-02	1.00000E-03
1	6.84600E-03	2.24768E-02	1.13153E-02	1.00000E-03
1	8.58982E-03	2.46482E-02	1.11006E-02	1.00000E-03
1	1.68826E-02	2.10667E-02	1.16007E-02	1.00000E-03
1	4.85660E-03	2.47052E-02	1.19221E-02	1.00000E-03
1	1.55946E-02	2.33334E-02	1.49446E-02	1.00000E-03
1	1.90378E-02	2.50304E-02	8.52796E-03	1.00000E-03
1	1.33284E-02	2.63192E-02	8.78824E-03	1.00000E-03
1	9.58000E-04	2.69632E-02	8.77702E-03	1.00000E-03
1	5.00160E-03	2.72838E-02	8.71766E-03	1.00000E-03
1	1.68502E-02	2.73070E-02	8.86300E-03	1.00000E-03
1	8.58118E-03	2.69382E-02	9.29628E-03	1.00000E-03
1	2.93140E-03	2.92780E-02	9.23354E-03	1.00000E-03
1	1.69970E-02	2.42090E-02	1.06714E-02	1.00000E-03
1	1.31464E-02	2.46954E-02	1.07831E-02	1.00000E-03
1	1.47074E-02	2.27922E-02	1.10105E-02	1.00000E-03
1	1.90804E-02	2.29340E-02	1.12317E-02	1.00000E-03
1	1.11018E-02	2.32920E-02	1.11700E-02	1.00000E-03
1	9.80400E-04	2.72486E-02	5.40840E-03	1.00000E-03
1	1.25546E-02	2.71296E-02	5.12780E-03	1.00000E-03
1	1.73332E-02	2.70692E-02	5.22300E-03	1.00000E-03
1	1.04079E-02	2.51204E-02	5.55360E-03	1.00000E-03
1	1.29518E-02	2.53740E-02	6.07280E-03	1.00000E-03
1	3.21380E-03	2.73774E-02	6.37440E-03	1.00000E-03
1	4.85940E-03	2.50532E-02	6.78780E-03	1.00000E-03
1	1.93476E-02	2.68958E-02	6.85380E-03	1.00000E-03
1	1.09184E-02	2.72404E-02	6.89500E-03	1.00000E-03
1	1.55960E-02	2.70504E-02	6.85360E-03	1.00000E-03
1	6.31200E-03	2.72448E-02	7.17720E-03	1.00000E-03
1	4.83480E-03	2.89308E-02	7.09780E-03	1.00000E-03
1	1.74978E-02	2.88006E-02	7.53800E-03	1.00000E-03
1	7.21960E-03	2.86138E-02	8.69622E-03	1.00000E-03
1	1.47226E-02	2.88006E-02	8.92718E-03	1.00000E-03
1	1.90848E-02	2.86814E-02	8.94188E-03	1.00000E-03
1	1.04944E-02	2.88974E-02	9.10522E-03	1.00000E-03
1	1.11863E-02	2.89058E-02	5.04380E-03	1.00000E-03
1	6.87820E-03	2.90144E-02	5.34120E-03	1.00000E-03
1	1.87730E-02	2.92038E-02	5.26560E-03	1.00000E-03
1	1.51226E-02	2.95128E-02	5.29680E-03	1.00000E-03
1	1.31184E-02	2.91768E-02	6.33720E-03	1.00000E-03
1	8.55804E-03	2.84246E-02	6.89480E-03	1.00000E-03
1	1.04660E-03	2.92680E-02	6.71600E-03	1.00000E-03
1	1.10101E-02	2.09401E-02	8.77484E-03	1.00000E-03
1	6.90760E-03	2.10267E-02	8.75090E-03	1.00000E-03
1	1.88812E-02	2.10761E-02	8.94076E-03	1.00000E-03
1	1.49638E-02	2.15863E-02	8.81766E-03	1.00000E-03
1	1.71380E-02	2.22826E-02	9.30640E-03	1.00000E-03
1	2.62260E-03	2.16424E-02	9.51628E-03	1.00000E-03
1	5.11240E-03	2.01934E-02	6.93900E-03	1.00000E-03
1	9.18200E-04	2.05872E-02	6.84700E-03	1.00000E-03
1	8.20446E-03	2.08321E-02	6.51200E-03	1.00000E-03
1	1.27526E-02	2.14005E-02	6.84680E-03	1.00000E-03
1	1.07398E-02	2.24946E-02	6.62500E-03	1.00000E-03
1	8.61194E-03	2.28306E-02	8.68882E-03	1.00000E-03
1	1.23114E-02	2.29420E-02	8.95766E-03	1.00000E-03
1	4.96940E-03	2.33480E-02	8.92956E-03	1.00000E-03
1	7.14700E-03	2.48458E-02	8.79904E-03	1.00000E-03
1	1.13066E-02	2.46942E-02	8.62300E-03	1.00000E-03
1	1.54324E-02	2.48348E-02	8.99202E-03	1.00000E-03
1	8.71800E-04	2.28058E-02	9.10198E-03	1.00000E-03
1	3.13980E-03	2.49990E-02	9.48724E-03	1.00000E-03
1	4.93300E-03	2.53994E-02	2.97800E-03	1.00000E-03
1	7.10340E-03	2.66450E-02	2.90240E-03	1.00000E-03
1	3.36800E-03	2.72952E-02	2.93520E-03	1.00000E-03
1	1.30408E-02	2.50662E-02	3.16020E-03	1.00000E-03
1	1.47564E-02	2.67540E-02	3.58720E-03	1.00000E-03
1	8.91536E-03	2.66808E-02	4.39760E-03	1.00000E-03
1	2.89560E-03	2.51442E-02	4.79840E-03	1.00000E-03
1	4.90400E-03	2.71068E-02	4.83700E-03	1.00000E-03
1	1.69804E-02	2.24708E-02	5.43600E-03	1.00000E-03
1	4.97400E-03	2.26102E-02	5.16040E-03	1.00000E-03
1	1.69780E-03	2.31236E-02	5.31960E-03	1.00000E-03
1	6.90860E-03	2.49100E-02	5.14060E-03	1.00000E-03
1	1.50614E-02	2.45040E-02	5.39920E-03	1.00000E-03
1	6.92060E-03	2.32432E-02	6.59780E-03	1.00000E-03
1	1.26840E-03	2.46582E-02	6.59300E-03	1.00000E-03
1	1.72938E-02	2.47268E-02	6.82040E-03	1.00000E-03
1	1.70916E-02	2.07057E-02	7.20600E-03	1.00000E-03
1	3.18460E-03	2.28280E-02	7.45460E-03	1.00000E-03
1	1.49324E-02	2.32340E-02	7.10040E-03	1.00000E-03
1	1.89456E-02	2.32660E-02	7.11960E-03	1.00000E-03
1	8.98182E-03	2.49918E-02	7.16340E-03	1.00000E-03
1	7.59500E-03	2.52218E-02	4.74400E-04	1.00000E-03
1	4.51140E-03	2.71296E-02	6.49400E-04	1.00000E-03
1	9.40138E-03	2.71362E-02	1.11920E-03	1.00000E-03
1	9.22832E-03	2.52570E-02	2.46860E-03	1.00000E-03
1	1.05587E-02	2.66542E-02	3.24160E-03	1.00000E-03
1	1.85532E-02	2.66200E-02	3.10580E-03	1.00000E-03
1	8.85650E-03	2.81880E-02	3.00520E-03	1.00000E-03
1	4.92240E-03	2.88408E-02	3.24700E-03	1.00000E-03
1	6.93000E-04	2.91796E-02	3.22520E-03	1.00000E-03
1	1.66750E-02	2.91532E-02	3.44080E-03	1.00000E-03
1	1.34776E-02	2.91422E-02	3.98280E-03	1.00000E-03
1	1.87950E-02	2.51560E-02	4.78640E-03	1.00000E-03
1	3.06080E-03	2.85688E-02	4.69840E-03	1.00000E-03
1	7.42120E-03	2.91440E-02	4.85600E-04	1.00000E-03
1	1.29540E-02	2.70490E-02	9.23400E-04	1.00000E-03
1	1.69956E-02	2.74046E-02	9.67800E-04	1.00000E-03
1	1.56836E-02	2.53092E-02	1.11620E-03	1.00000E-03
1	1.88814E-02	2.50888E-02	1.08540E-03	1.00000E-03
1	8.97400E-04	2.75216E-02	1.27600E-03	1.00000E-03
1	3.16100E-03	2.86308E-02	1.15440E-03	1.00000E-03
1	1.08134E-02	2.85734E-02	1.02540E-03	1.00000E-03
1	1.57386E-02	2.94404E-02	1.33080E-03	1.00000E-03
1	1.88982E-02	2.90040E-02	1.44660E-03	1.00000E-03
1	1.26300E-03	2.09618E-02	2.70920E-03	1.00000E-03
1	4.67120E-03	2.07905E-02	3.02660E-03	1.00000E-03
1	3.37400E-03	2.12572E-02	4.82260E-03	1.00000E-03
1	3.60740E-03	2.01834E-02	1.03620E-03	1.00000E-03
1	9.33874E-03	2.08481E-02	2.87680E-03	1.00000E-03
1	2.78700E-03	2.29358E-02	2.99140E-03	1.00000E-03
1	1.94914E-02	2.32086E-02	2.61500E-03	1.00000E-03
1	1.44972E-02	2.36548E-02	2.62880E-03	1.00000E-03
1	1.65216E-02	2.44386E-02	2.75760E-03	1.00000E-03
1	1.34148E-02	2.09268E-02	3.29900E-03	1.00000E-03
1	1.71268E-02	2.10463E-02	3.00660E-03	1.00000E-03
1	1.05292E-02	2.26566E-02	3.41840E-03	1.00000E-03
1	6.58340E-03	2.33400E-02	3.09020E-03	1.00000E-03
1	8.09400E-04	2.47642E-02	3.14000E-03	1.00000E-03
1	8.39448E-03	2.31766E-02	4.37860E-03	1.00000E-03
1	1.53502E-02	2.04824E-02	4.67620E-03	1.00000E-03
1	1.13808E-02	2.06892E-02	4.56100E-03	1.00000E-03
1	1.98058E-02	2.09379E-02	4.52500E-03	1.00000E-03
1	6.74080E-03	2.10953E-02	4.78900E-03	1.00000E-03
1	1.24226E-02	2.36944E-02	4.88700E-03	1.00000E-03
1	4.75960E-03	2.29212E-02	4.94000E-04	1.00000E-03
1	7.17760E-03	2.09787E-02	5.31800E-04	1.00000E-03
1	1.05080E-03	2.27906E-02	9.08400E-04	1.00000E-03
1	1.29342E-02	2.32214E-02	8.93400E-04	1.00000E-03
1	1.92322E-02	2.07156E-02	1.46640E-03	1.00000E-03
1	1.11974E-02	2.10020E-02	1.22400E-03	1.00000E-03
1	1.48968E-02	2.12790E-02	1.38200E-03	1.00000E-03
1	1.72756E-02	2.34088E-02	1.11760E-03	1.00000E-03
1	8.92236E-03	2.35872E-02	1.08140E-03	1.00000E-03
1	2.94960E-03	2.47600E-02	1.47440E-03	1.00000E-03
1	1.13713E-02	2.46232E-02	1.40460E-03	1.00000E-03
1	6.97580E-03	1.50878E-02	1.84248E-02	1.00000E-03
1	1.26440E-02	1.74436E-02	1.84080E-02	1.00000E-03
1	1.11439E-02	1.51554E-02	1.89192E-02	1.00000E-03
1	1.50156E-02	1.51518E-02	1.85980E-02	1.00000E-03
1	1.16840E-03	1.69972E-02	1.85348E-02	1.00000E-03
1	4.71980E-03	1.72310E-02	1.87498E-02	1.00000E-03
1	7.56280E-03	1.89221E-02	1.87266E-02	1.00000E-03
1	2.69400E-03	1.92860E-02	1.88336E-02	1.00000E-03
1	8.78208E-03	1.69020E-02	1.94260E-02	1.00000E-03
1	1.48872E-02	1.89487E-02	1.92292E-02	1.00000E-03
1	1.97822E-02	1.89100E-02	1.93774E-02	1.00000E-03
1	1.11423E-02	1.91498E-02	1.90036E-02	1.00000E-03
1	2.70860E-03	1.52136E-02	1.96596E-02	1.00000E-03
1	6.79720E-03	1.94140E-02	1.53666E-02	1.00000E-03
1	8.00400E-04	1.70828E-02	1.55914E-02	1.00000E-03
1	2.89660E-03	1.88958E-02	1.55782E-02	1.00000E-03
1	1.30054E-02	1.54592E-02	1.63396E-02	1.00000E-03
1	9.77200E-04	1.51788E-02	1.68980E-02	1.00000E-03
1	6.98620E-03	1.70272E-02	1.66874E-02	1.00000E-03
1	1.83972E-02	1.70828E-02	1.67636E-02	1.00000E-03
1	8.55770E-03	1.89631E-02	1.69360E-02	1.00000E-03
1	5.10660E-03	1.90059E-02	1.66978E-02	1.00000E-03
1	5.16900E-03	1.53300E-02	1.72878E-02	1.00000E-03
1	1.67192E-02	1.50884E-02	1.71364E-02	1.00000E-03
1	2.87220E-03	1.70204E-02	1.71498E-02	1.00000E-03
1	1.07079E-02	1.73984E-02	1.73234E-02	1.00000E-03
1	1.49860E-03	1.89130E-02	1.71604E-02	1.00000E-03
1	1.33884E-02	1.89786E-02	1.71646E-02	1.00000E-03
1	1.72838E-02	1.75658E-02	1.89878E-02	1.00000E-03
1	1.05967E-02	1.89896E-02	1.50756E-02	1.00000E-03
1	1.52454E-02	1.75124E-02	1.74294E-02	1.00000E-03
1	1.73250E-02	1.90667E-02	1.70548E-02	1.00000E-03
1	3.09640E-03	1.06276E-02	1.87896E-02	1.00000E-03
1	1.49310E-02	1.08412E-02	1.89458E-02	1.00000E-03
1	9.56150E-03	1.32174E-02	1.88770E-02	1.00000E-03
1	6.88900E-03	1.13762E-02	1.90596E-02	1.00000E-03
1	1.11260E-02	1.11778E-02	1.90550E-02	1.00000E-03
1	1.92502E-02	1.12370E-02	1.93084E-02	1.00000E-03
1	9.22400E-04	1.26840E-02	1.91026E-02	1.00000E-03
1	4.98520E-03	1.32884E-02	1.94734E-02	1.00000E-03
1	2.85700E-03	1.12590E-02	1.51622E-02	1.00000E-03
1	1.52392E-02	1.11756E-02	1.52626E-02	1.00000E-03
1	1.93086E-02	1.11282E-02	1.50724E-02	1.00000E-03
1	5.41400E-04	1.33940E-02	1.50092E-02	1.00000E-03
1	3.09920E-03	1.46030E-02	1.56016E-02	1.00000E-03
1	9.06640E-03	1.09972E-02	1.65388E-02	1.00000E-03
1	1.67046E-02	1.07696E-02	1.68832E-02	1.00000E-03
1	1.19400E-03	1.13328E-02	1.66072E-02	1.00000E-03
1	5.32720E-03	1.10028E-02	1.67348E-02	1.00000E-03
1	1.31130E-02	1.09296E-02	1.72426E-02	1.00000E-03
1	2.92320E-03	1.30848E-02	1.74482E-02	1.00000E-03
1	1.68064E-02	1.29532E-02	1.89782E-02	1.00000E-03
1	1.85738E-02	1.49270E-02	1.85502E-02	1.00000E-03
1	1.29440E-02	1.34342E-02	1.91300E-02	1.00000E-03
1	1.05346E-02	1.68234E-02	1.26512E-02	1.00000E-03
1	2.84540E-03	1.75044E-02	1.29130E-02	1.00000E-03
1	8.86102E-03	1.50108E-02	1.31286E-02	1.00000E-03
1	1.69110E-02	1.52704E-02	1.33710E-02	1.00000E-03
1	6.56620E-03	1.66552E-02	1.32606E-02	1.00000E-03
1	1.52630E-02	1.67084E-02	1.31718E-02	1.00000E-03
1	1.90142E-02	1.71220E-02	1.31772E-02	1.00000E-03
1	8.81820E-03	1.71320E-02	1.43780E-02	1.00000E-03
1	1.33158E-02	1.68292E-02	1.49002E-02	1.00000E-03
1	1.69504E-02	1.67344E-02	1.49140E-02	1.00000E-03
1	4.98320E-03	1.72018E-02	1.48112E-02	1.00000E-03
1	1.31756E-02	1.27000E-02	1.54698E-02	1.00000E-03
1	1.90934E-02	1.48074E-02	1.50586E-02	1.00000E-03
1	1.53318E-02	1.46394E-02	1.56192E-02	1.00000E-03
1	1.11946E-02	1.29712E-02	1.65556E-02	1.00000E-03
1	1.92398E-02	1.28318E-02	1.69630E-02	1.00000E-03
1	8.31294E-03	1.44910E-02	1.68832E-02	1.00000E-03
1	7.23460E-03	1.27646E-02	1.72714E-02	1.00000E-03
1	1.53634E-02	1.32344E-02	1.71190E-02	1.00000E-03
1	4.94100E-03	1.66384E-02	1.05546E-02	1.00000E-03
1	1.22940E-03	1.73478E-02	1.08733E-02	1.00000E-03
1	9.28016E-03	1.72552E-02	1.07192E-02	1.00000E-03
1	1.33710E-02	1.72176E-02	1.08759E-02	1.00000E-03
1	1.92820E-02	1.51674E-02	1.11732E-02	1.00000E-03
1	1.63280E-02	1.70826E-02	1.12014E-02	1.00000E-03
1	1.75274E-02	1.88513E-02	1.29856E-02	1.00000E-03
1	5.31540E-03	1.89121E-02	1.30502E-02	1.00000E-03
1	9.52282E-03	1.85365E-02	1.31122E-02	1.00000E-03
1	1.31510E-02	1.93371E-02	1.32456E-02	1.00000E-03
1	1.35960E-03	1.95268E-02	1.39146E-02	1.00000E-03
1	1.87866E-02	1.86426E-02	1.47852E-02	1.00000E-03
1	1.51830E-02	1.92246E-02	1.46034E-02	1.00000E-03
1	6.84980E-03	1.94567E-02	1.09165E-02	1.00000E-03
1	1.91542E-02	1.93303E-02	1.08826E-02	1.00000E-03
1	1.51168E-02	1.95172E-02	1.07557E-02	1.00000E-03
1	2.74000E-03	1.88802E-02	1.13329E-02	1.00000E-03
1	1.08805E-02	1.90400E-02	1.12621E-02	1.00000E-03
1	5.49720E-03	1.07790E-02	1.28984E-02	1.00000E-03
1	7.62400E-04	1.11848E-02	1.25984E-02	1.00000E-03
1	1.27998E-02	1.14870E-02	1.34962E-02	1.00000E-03
1	8.63254E-03	1.13138E-02	1.36364E-02	1.00000E-03
1	6.90540E-03	1.06988E-02	1.48812E-02	1.00000E-03
1	1.10221E-02	1.15824E-02	1.45842E-02	1.00000E-03
1	3.00020E-03	1.05332E-02	1.07042E-02	1.00000E-03
1	7.44020E-03	1.13910E-02	1.09108E-02	1.00000E-03
1	1.42502E-02	1.10190E-02	1.05522E-02	1.00000E-03
1	1.44486E-02	1.26980E-02	1.29350E-02	1.00000E-03
1	3.07920E-03	1.31570E-02	1.27636E-02	1.00000E-03
1	1.09170E-02	1.32842E-02	1.27750E-02	1.00000E-03
1	4.51020E-03	1.48944E-02	1.26406E-02	1.00000E-03
1	1.69980E-02	1.06760E-02	1.31370E-02	1.00000E-03
1	1.85440E-02	1.29316E-02	1.30456E-02	1.00000E-03
1	7.14360E-03	1.30968E-02	1.33844E-02	1.00000E-03
1	1.28252E-02	1.47408E-02	1.31304E-02	1.00000E-03
1	1.66558E-02	1.30234E-02	1.39798E-02	1.00000E-03
1	5.33340E-03	1.29830E-02	1.49664E-02	1.00000E-03
1	9.27108E-03	1.31470E-02	1.48354E-02	1.00000E-03
1	7.60280E-03	1.48752E-02	1.49250E-02	1.00000E-03
1	1.07510E-02	1.49506E-02	1.48232E-02	1.00000E-03
1	9.73754E-03	1.50166E-02	8.37124E-03	1.00000E-03
1	3.19160E-03	1.67534E-02	9.22798E-03	1.00000E-03
1	6.89800E-03	1.47222E-02	1.04686E-02	1.00000E-03
1	8.82538E-03	1.29146E-02	1.07438E-02	1.00000E-03
1	1.27778E-02	1.26242E-02	1.05355E-02	1.00000E-03
1	1.55520E-03	1.33398E-02	1.07670E-02	1.00000E-03
1	4.98780E-03	1.31820E-02	1.08885E-02	1.00000E-03
1	1.52966E-02	1.42816E-02	1.06077E-02	1.00000E-03
1	3.17320E-03	1.45692E-02	1.07130E-02	1.00000E-03
1	1.90338E-02	1.10232E-02	1.11590E-02	1.00000E-03
1	1.09259E-02	1.48692E-02	1.12908E-02	1.00000E-03
1	1.10964E-02	1.11604E-02	1.16216E-02	1.00000E-03
1	1.70598E-02	1.36738E-02	1.17317E-02	1.00000E-03
1	1.16460E-03	1.46278E-02	1.23234E-02	1.00000E-03
1	2.70320E-03	1.57168E-02	6.67640E-03	1.00000E-03
1	4.86380E-03	1.62856E-02	7.29960E-03	1.00000E-03
1	9.51400E-04	1.68344E-02	7.18740E-03	1.00000E-03
1	6.74460E-03	1.69576E-02	8.40096E-03	1.00000E-03
1	1.90850E-02	1.60760E-02	8.74028E-03	1.00000E-03
1	9.48734E-03	1.86960E-02	8.59628E-03	1.00000E-03
1	1.27738E-02	1.96489E-02	8.77288E-03	1.00000E-03
1	1.08564E-02	1.72478E-02	9.20672E-03	1.00000E-03
1	1.69852E-02	1.89307E-02	9.05118E-03	1.00000E-03
1	5.19940E-03	1.92176E-02	9.48002E-03	1.00000E-03
1	1.51744E-02	1.70692E-02	9.54914E-03	1.00000E-03
1	1.18140E-03	1.93999E-02	9.86430E-03	1.00000E-03
1	1.87502E-02	1.66968E-02	5.08160E-03	1.00000E-03
1	1.11151E-02	1.71580E-02	5.46020E-03	1.00000E-03
1	7.25000E-04	1.91726E-02	5.07760E-03	1.00000E-03
1	1.75540E-02	1.91477E-02	5.22040E-03	1.00000E-03
1	5.04040E-03	1.52568E-02	5.53020E-03	1.00000E-03
1	8.86376E-03	1.53716E-02	5.55180E-03	1.00000E-03
1	1.34158E-02	1.92363E-02	5.55160E-03	1.00000E-03
1	1.50280E-02	1.54544E-02	6.72860E-03	1.00000E-03
1	1.91288E-02	1.52112E-02	6.70640E-03	1.00000E-03
1	1.69218E-02	1.69658E-02	6.87820E-03	1.00000E-03
1	1.49878E-02	1.84988E-02	6.97440E-03	1.00000E-03
1	3.28620E-03	1.86216E-02	6.79840E-03	1.00000E-03
1	6.98340E-03	1.91189E-02	6.89120E-03	1.00000E-03
1	1.90230E-02	1.92014E-02	6.81700E-03	1.00000E-03
1	1.08074E-02	1.96045E-02	6.66360E-03	1.00000E-03
1	9.27062E-03	1.66404E-02	7.04800E-03	1.00000E-03
1	1.31398E-02	1.67706E-02	7.17800E-03	1.00000E-03
1	8.98560E-03	1.03334E-02	8.98266E-03	1.00000E-03
1	1.25204E-02	1.08864E-02	8.86108E-03	1.00000E-03
1	1.85500E-02	1.33678E-02	8.68828E-03	1.00000E-03
1	5.85340E-03	1.48786E-02	8.60346E-03	1.00000E-03
1	1.34078E-02	1.48218E-02	8.52410E-03	1.00000E-03
1	1.68650E-02	1.49172E-02	8.93146E-03	1.00000E-03
1	5.06720E-03	1.08606E-02	9.16518E-03	1.00000E-03
1	1.37940E-03	1.11846E-02	9.30010E-03	1.00000E-03
1	3.54300E-03	1.29534E-02	9.38002E-03	1.00000E-03
1	6.47220E-03	1.30050E-02	9.42008E-03	1.00000E-03
1	1.06622E-02	1.30742E-02	9.01096E-03	1.00000E-03
1	1.43846E-02	1.31060E-02	9.13260E-03	1.00000E-03
1	1.02420E-03	1.46348E-02	9.03892E-03	1.00000E-03
1	1.72784E-02	1.10142E-02	9.65440E-03	1.00000E-03
1	9.26306E-03	1.09604E-02	5.39480E-03	1.00000E-03
1	4.59860E-03	1.12354E-02	5.19880E-03	1.00000E-03
1	1.66382E-02	1.12482E-02	5.25800E-03	1.00000E-03
1	6.95240E-03	1.09296E-02	6.41160E-03	1.00000E-03
1	3.00020E-03	1.13440E-02	6.46100E-03	1.00000E-03
1	1.50942E-02	1.09726E-02	6.86440E-03	1.00000E-03
1	1.95530E-02	1.08050E-02	6.65920E-03	1.00000E-03
1	7.26920E-03	1.49374E-02	6.95460E-03	1.00000E-03
1	1.12772E-02	1.47300E-02	6.64460E-03	1.00000E-03
1	1.08114E-02	1.13898E-02	7.11820E-03	1.00000E-03
1	4.94220E-03	1.27016E-02	7.33020E-03	1.00000E-03
1	9.30944E-03	1.29290E-02	7.42220E-03	1.00000E-03
1	8.55600E-04	1.32888E-02	7.30680E-03	1.00000E-03
1	1.30488E-02	1.32230E-02	7.20720E-03	1.00000E-03
1	2.68780E-03	1.50002E-02	2.71760E-03	1.00000E-03
1	1.51300E-02	1.51254E-02	2.84000E-03	1.00000E-03
1	1.88038E-02	1.50684E-02	2.90600E-03	1.00000E-03
1	1.04540E-03	1.71458E-02	2.94800E-03	1.00000E-03
1	2.60180E-03	1.89511E-02	2.96700E-03	1.00000E-03
1	7.20520E-03	1.50564E-02	3.33080E-03	1.00000E-03
1	1.05628E-02	1.54338E-02	3.29960E-03	1.00000E-03
1	9.28430E-03	1.72380E-02	3.06660E-03	1.00000E-03
1	7.23740E-03	1.86181E-02	3.08920E-03	1.00000E-03
1	1.63214E-02	1.51014E-02	4.95780E-03	1.00000E-03
1	1.31222E-02	1.55766E-02	4.84620E-03	1.00000E-03
1	3.04320E-03	1.69918E-02	4.99100E-03	1.00000E-03
1	7.42140E-03	1.66854E-02	4.72660E-03	1.00000E-03
1	1.49668E-02	1.73332E-02	4.58920E-03	1.00000E-03
1	5.16940E-03	1.95143E-02	4.90760E-03	1.00000E-03
1	9.15504E-03	1.98658E-02	4.88840E-03	1.00000E-03
1	1.86588E-02	1.37208E-02	5.06280E-03	1.00000E-03
1	1.71828E-02	1.35004E-02	7.19820E-03	1.00000E-03
1	1.06961E-02	1.59982E-02	8.60200E-04	1.00000E-03
1	1.18640E-03	1.50836E-02	1.00660E-03	1.00000E-03
1	1.87346E-02	1.61318E-02	1.15080E-03	1.00000E-03
1	7.08700E-03	1.70008E-02	1.21560E-03	1.00000E-03
1	8.73012E-03	1.82217E-02	1.00420E-03	1.00000E-03
1	1.02700E-03	1.95863E-02	1.27060E-03	1.00000E-03
1	4.31880E-03	1.52818E-02	1.53420E-03	1.00000E-03
1	1.30916E-02	1.50574E-02	1.60800E-03	1.00000E-03
1	3.31120E-03	1.74418E-02	1.72380E-03	1.00000E-03
1	1.68212E-02	1.69620E-02	2.47260E-03	1.00000E-03
1	5.22340E-03	1.70484E-02	2.16660E-03	1.00000E-03
1	1.51192E-02	1.83399E-02	2.62600E-03	1.00000E-03
1	1.09432E-02	1.91807E-02	2.78760E-03	1.00000E-03
1	1.25930E-02	1.76016E-02	3.27620E-03	1.00000E-03
1	1.86256E-02	1.89955E-02	3.51160E-03	1.00000E-03
1	1.29422E-02	1.94527E-02	2.35400E-04	1.00000E-03
1	1.70976E-02	1.92845E-02	4.87200E-04	1.00000E-03
1	1.51638E-02	1.75096E-02	7.81000E-04	1.00000E-03
1	5.29520E-03	1.86044E-02	5.83000E-04	1.00000E-03
1	3.44360E-03	1.05148E-02	2.93820E-03	1.00000E-03
1	1.92282E-02	1.08780E-02	2.99800E-03	1.00000E-03
1	9.79400E-04	1.30288E-02	2.62840E-03	1.00000E-03
1	7.24140E-03	1.06078E-02	3.04000E-03	1.00000E-03
1	1.53328E-02	1.09152E-02	3.24700E-03	1.00000E-03
1	1.06469E-02	1.12752E-02	3.09140E-03	1.00000E-03
1	9.92200E-04	1.14504E-02	4.50700E-03	1.00000E-03
1	1.28542E-02	1.12432E-02	4.62700E-03	1.00000E-03
1	6.82460E-03	1.24266E-02	4.55720E-03	1.00000E-03
1	2.83040E-03	1.27168E-02	4.91280E-03	1.00000E-03
1	1.66040E-03	1.47294E-02	4.56340E-03	1.00000E-03
1	9.23902E-03	1.09622E-02	7.76600E-04	1.00000E-03
1	1.70430E-02	1.08824E-02	6.82600E-04	1.00000E-03
1	1.01920E-03	1.11640E-02	8.85200E-04	1.00000E-03
1	5.37560E-03	1.08814E-02	1.32420E-03	1.00000E-03
1	1.27174E-02	1.07886E-02	1.24460E-03	1.00000E-03
1	8.50458E-03	1.26458E-02	2.55760E-03	1.00000E-03
1	1.34994E-02	1.32212E-02	2.59160E-03	1.00000E-03
1	1.72144E-02	1.31024E-02	2.87820E-03	1.00000E-03
1	5.05760E-03	1.32142E-02	3.20840E-03	1.00000E-03
1	1.16892E-02	1.28852E-02	4.70160E-03	1.00000E-03
1	1.51306E-02	1.34732E-02	4.94740E-03	1.00000E-03
1	2.81080E-03	1.30750E-02	9.12400E-04	1.00000E-03
1	1.11744E-02	1.34444E-02	9.58000E-04	1.00000E-03
1	8.26896E-03	1.48098E-02	6.08400E-04	1.00000E-03
1	1.72214E-02	1.45878E-02	7.49400E-04	1.00000E-03
1	7.00620E-03	1.29068E-02	1.05300E-03	1.00000E-03
1	1.54474E-02	1.26954E-02	1.04920E-03	1.00000E-03
1	1.88168E-02	1.27622E-02	1.41780E-03	1.00000E-03
1	1.27734E-02	7.28620E-03	1.77534E-02	1.00000E-03
1	1.30472E-02	5.22800E-03	1.82374E-02	1.00000E-03
1	5.34960E-03	5.18200E-03	1.88148E-02	1.00000E-03
1	1.77082E-02	5.09080E-03	1.88574E-02	1.00000E-03
1	1.09425E-02	6.83320E-03	1.86606E-02	1.00000E-03
1	1.49020E-02	7.34940E-03	1.88790E-02	1.00000E-03
1	3.42080E-03	7.03440E-03	1.90386E-02	1.00000E-03
1	6.67480E-03	7.07860E-03	1.95982E-02	1.00000E-03
1	1.86304E-02	7.02960E-03	1.95168E-02	1.00000E-03
1	1.31676E-02	5.15180E-03	1.52978E-02	1.00000E-03
1	1.10919E-02	6.24700E-03	1.50868E-02	1.00000E-03
1	3.35320E-03	5.19100E-03	1.67766E-02	1.00000E-03
1	8.99800E-04	6.70100E-03	1.66696E-02	1.00000E-03
1	5.56540E-03	6.76140E-03	1.65652E-02	1.00000E-03
1	8.29550E-03	6.71700E-03	1.68126E-02	1.00000E-03
1	9.09812E-03	8.24200E-03	1.87000E-02	1.00000E-03
1	1.45000E-03	9.24780E-03	1.87000E-02	1.00000E-03
1	5.20220E-03	9.46820E-03	1.86414E-02	1.00000E-03
1	1.33220E-02	8.90500E-03	1.91456E-02	1.00000E-03
1	1.70428E-02	9.18480E-03	1.91570E-02	1.00000E-03
1	1.72188E-02	5.05260E-03	1.50432E-02	1.00000E-03
1	1.88278E-02	6.84920E-03	1.51954E-02	1.00000E-03
1	9.67200E-04	8.89860E-03	1.53500E-02	1.00000E-03
1	1.33800E-02	8.91140E-03	1.52748E-02	1.00000E-03
1	1.73922E-02	9.03160E-03	1.53704E-02	1.00000E-03
1	2.85640E-03	8.36400E-03	1.68780E-02	1.00000E-03
1	1.67762E-02	6.84760E-03	1.72332E-02	1.00000E-03
1	1.83902E-02	8.30020E-03	1.71132E-02	1.00000E-03
1	6.70000E-03	8.92260E-03	1.70752E-02	1.00000E-03
1	1.53456E-02	9.10160E-03	1.72644E-02	1.00000E-03
1	1.02991E-02	9.65180E-03	1.73902E-02	1.00000E-03
1	2.50800E-03	2.49920E-03	1.81430E-02	1.00000E-03
1	1.30522E-02	1.59380E-03	1.86036E-02	1.00000E-03
1	1.11240E-03	1.05940E-03	1.92214E-02	1.00000E-03
1	5.54040E-03	1.30000E-03	1.92632E-02	1.00000E-03
1	8.99462E-03	1.05180E-03	1.98330E-02	1.00000E-03
1	5.71800E-04	1.28800E-03	1.54550E-02	1.00000E-03
1	2.66540E-03	1.42980E-03	1.64068E-02	1.00000E-03
1	1.68138E-02	3.02880E-03	1.76660E-02	1.00000E-03
1	1.49992E-02	3.36060E-03	1.86762E-02	1.00000E-03
1	9.01800E-04	4.56420E-03	1.89506E-02	1.00000E-03
1	8.63712E-03	4.61940E-03	1.89142E-02	1.00000E-03
1	1.72242E-02	1.10380E-03	1.93544E-02	1.00000E-03
1	7.20500E-03	2.86940E-03	1.93952E-02	1.00000E-03
1	1.07594E-02	2.88920E-03	1.94550E-02	1.00000E-03
1	1.90230E-02	2.80760E-03	1.94624E-02	1.00000E-03
1	4.03800E-04	7.00640E-03	1.29854E-02	1.00000E-03
1	2.87120E-03	5.45500E-03	1.30896E-02	1.00000E-03
1	1.15880E-03	5.46180E-03	1.44112E-02	1.00000E-03
1	4.88740E-03	5.10860E-03	1.46682E-02	1.00000E-03
1	3.02080E-03	6.94400E-03	1.48014E-02	1.00000E-03
1	1.27484E-02	1.17060E-03	1.53682E-02	1.00000E-03
1	1.71512E-02	1.02880E-03	1.53118E-02	1.00000E-03
1	1.09237E-02	3.41160E-03	1.50584E-02	1.00000E-03
1	9.07700E-03	4.80280E-03	1.57598E-02	1.00000E-03
1	1.09000E-02	1.32680E-03	1.67684E-02	1.00000E-03
1	1.42890E-02	1.48600E-03	1.66080E-02	1.00000E-03
1	6.73600E-04	2.93500E-03	1.66414E-02	1.00000E-03
1	4.86560E-03	2.95260E-03	1.68324E-02	1.00000E-03
1	1.45778E-02	4.88100E-03	1.67686E-02	1.00000E-03
1	7.05180E-03	1.23160E-03	1.71616E-02	1.00000E-03
1	1.88236E-02	1.15300E-03	1.71350E-02	1.00000E-03
1	8.63664E-03	3.14740E-03	1.71512E-02	1.00000E-03
1	1.32956E-02	3.17560E-03	1.70834E-02	1.00000E-03
1	7.30140E-03	4.85740E-03	1.73920E-02	1.00000E-03
1	1.09714E-02	4.57880E-03	1.71546E-02	1.00000E-03
1	1.95120E-02	4.62740E-03	1.70014E-02	1.00000E-03
1	6.86280E-03	8.95120E-03	1.29488E-02	1.00000E-03
1	1.86560E-02	8.76980E-03	1.26194E-02	1.00000E-03
1	7.17480E-03	5.34740E-03	1.31530E-02	1.00000E-03
1	1.07573E-02	5.09280E-03	1.32812E-02	1.00000E-03
1	1.31136E-02	6.12660E-03	1.34866E-02	1.00000E-03
1	5.00980E-03	7.21320E-03	1.33218E-02	1.00000E-03
1	1.69352E-02	7.29860E-03	1.31980E-02	1.00000E-03
1	9.05552E-03	7.57500E-03	1.31098E-02	1.00000E-03
1	2.59140E-03	8.99660E-03	1.33938E-02	1.00000E-03
1	1.46516E-02	8.69780E-03	1.32482E-02	1.00000E-03
1	1.06027E-02	9.10840E-03	1.33484E-02	1.00000E-03
1	7.05360E-03	7.25780E-03	1.47732E-02	1.00000E-03
1	1.47036E-02	7.34520E-03	1.48956E-02	1.00000E-03
1	5.60600E-03	8.79500E-03	1.46940E-02	1.00000E-03
1	9.25596E-03	8.71360E-03	1.47762E-02	1.00000E-03
1	4.59600E-04	5.13440E-03	1.04919E-02	1.00000E-03
1	5.63720E-03	5.36240E-03	1.09108E-02	1.00000E-03
1	1.28366E-02	5.00760E-03	1.06191E-02	1.00000E-03
1	1.15068E-02	6.61240E-03	1.09985E-02	1.00000E-03
1	2.70720E-03	7.26880E-03	1.09382E-02	1.00000E-03
1	1.72458E-02	5.06320E-03	1.11155E-02	1.00000E-03
1	1.90180E-02	7.14400E-03	1.12621E-02	1.00000E-03
1	1.20680E-03	8.73340E-03	1.11027E-02	1.00000E-03
1	1.27812E-02	8.85880E-03	1.10613E-02	1.00000E-03
1	5.49160E-03	9.03640E-03	1.13179E-02	1.00000E-03
1	9.10636E-03	9.04060E-03	1.10090E-02	1.00000E-03
1	8.79662E-03	5.42380E-03	1.15302E-02	1.00000E-03
1	6.90300E-03	6.79480E-03	1.17871E-02	1.00000E-03
1	1.50552E-02	7.67900E-03	1.08871E-02	1.00000E-03
1	1.71524E-02	9.23020E-03	1.09308E-02	1.00000E-03
1	1.09085E-02	1.08860E-03	1.29738E-02	1.00000E-03
1	1.95424E-02	1.01660E-03	1.29680E-02	1.00000E-03
1	1.11460E-03	2.96480E-03	1.27604E-02	1.00000E-03
1	2.69640E-03	1.43080E-03	1.32252E-02	1.00000E-03
1	1.45500E-02	1.08960E-03	1.34642E-02	1.00000E-03
1	1.31552E-02	2.98180E-03	1.30574E-02	1.00000E-03
1	4.67060E-03	3.48840E-03	1.34396E-02	1.00000E-03
1	8.74408E-03	3.01820E-03	1.34262E-02	1.00000E-03
1	5.43740E-03	1.40420E-03	1.48792E-02	1.00000E-03
1	8.64700E-03	1.23600E-03	1.48564E-02	1.00000E-03
1	2.61980E-03	2.96500E-03	1.49460E-02	1.00000E-03
1	1.44592E-02	2.67340E-03	1.49740E-02	1.00000E-03
1	7.32480E-03	3.79200E-03	1.47452E-02	1.00000E-03
1	9.37690E-03	1.03920E-03	1.03112E-02	1.00000E-03
1	1.52180E-03	1.28140E-03	1.09105E-02	1.00000E-03
1	1.73946E-02	1.66600E-03	1.08984E-02	1.00000E-03
1	7.22300E-03	2.95280E-03	1.05266E-02	1.00000E-03
1	5.08300E-03	1.04960E-03	1.12703E-02	1.00000E-03
1	1.32536E-02	1.46560E-03	1.11647E-02	1.00000E-03
1	2.97440E-03	2.74060E-03	1.11951E-02	1.00000E-03
1	7.03600E-03	1.17640E-03	1.23018E-02	1.00000E-03
1	1.56000E-02	4.86920E-03	1.28794E-02	1.00000E-03
1	1.68088E-02	2.72460E-03	1.36852E-02	1.00000E-03
1	1.84436E-02	3.04020E-03	1.48808E-02	1.00000E-03
1	4.88000E-03	9.23340E-03	7.62220E-03	1.00000E-03
1	3.12960E-03	5.17660E-03	8.42076E-03	1.00000E-03
1	7.05780E-03	5.05620E-03	8.88584E-03	1.00000E-03
1	1.07054E-02	5.05780E-03	8.87030E-03	1.00000E-03
1	1.86406E-02	5.11180E-03	8.59954E-03	1.00000E-03
1	9.76200E-04	6.62780E-03	8.94968E-03	1.00000E-03
1	4.62940E-03	6.92400E-03	8.74012E-03	1.00000E-03
1	9.23432E-03	6.71240E-03	8.89960E-03	1.00000E-03
1	1.33862E-02	6.87340E-03	8.60824E-03	1.00000E-03
1	1.64976E-02	7.04760E-03	9.22554E-03	1.00000E-03
1	3.46200E-03	9.00960E-03	9.04498E-03	1.00000E-03
1	1.57894E-02	3.18760E-03	1.07216E-02	1.00000E-03
1	1.16242E-02	3.36500E-03	1.13878E-02	1.00000E-03
1	1.89148E-02	3.04320E-03	1.12367E-02	1.00000E-03
1	1.90100E-02	4.69240E-03	1.24352E-02	1.00000E-03
1	1.13620E-03	6.45840E-03	5.05740E-03	1.00000E-03
1	4.79600E-03	6.69780E-03	5.27540E-03	1.00000E-03
1	7.37660E-03	7.44100E-03	6.32600E-03	1.00000E-03
1	1.10240E-03	5.02280E-03	6.88800E-03	1.00000E-03
1	1.26554E-02	5.19060E-03	6.66880E-03	1.00000E-03
1	1.06445E-02	6.66640E-03	6.64360E-03	1.00000E-03
1	2.50460E-03	7.21020E-03	6.50160E-03	1.00000E-03
1	1.53580E-02	7.35840E-03	6.90820E-03	1.00000E-03
1	1.89792E-02	7.31960E-03	6.78740E-03	1.00000E-03
1	5.05600E-03	5.06140E-03	7.29640E-03	1.00000E-03
1	9.27680E-03	5.06560E-03	7.15620E-03	1.00000E-03
1	1.34380E-03	8.83460E-03	7.29940E-03	1.00000E-03
1	6.96740E-03	8.61980E-03	8.76528E-03	1.00000E-03
1	1.00381E-02	8.58700E-03	8.90184E-03	1.00000E-03
1	1.91670E-02	9.18940E-03	8.77012E-03	1.00000E-03
1	1.53936E-02	9.25000E-03	9.33142E-03	1.00000E-03
1	1.71616E-02	7.58480E-03	5.00220E-03	1.00000E-03
1	1.74046E-02	8.93360E-03	6.59720E-03	1.00000E-03
1	8.70050E-03	8.91500E-03	7.05060E-03	1.00000E-03
1	1.32166E-02	9.03840E-03	7.20080E-03	1.00000E-03
1	6.95600E-03	1.02100E-03	8.53042E-03	1.00000E-03
1	1.47148E-02	1.29500E-03	8.99456E-03	1.00000E-03
1	1.99156E-02	1.56220E-03	8.76354E-03	1.00000E-03
1	3.02580E-03	1.38380E-03	9.25550E-03	1.00000E-03
1	1.13560E-02	1.05220E-03	9.93771E-03	1.00000E-03
1	1.95066E-02	1.33140E-03	5.25960E-03	1.00000E-03
1	5.16180E-03	1.20980E-03	6.83280E-03	1.00000E-03
1	1.25776E-02	1.97600E-03	6.92700E-03	1.00000E-03
1	1.47020E-03	1.18020E-03	7.33540E-03	1.00000E-03
1	9.22818E-03	1.04000E-03	7.31500E-03	1.00000E-03
1	1.48418E-02	3.19320E-03	7.71320E-03	1.00000E-03
1	4.99720E-03	2.55980E-03	8.83962E-03	1.00000E-03
1	1.67700E-02	3.30680E-03	8.96040E-03	1.00000E-03
1	1.43560E-03	3.70520E-03	8.83480E-03	1.00000E-03
1	1.54894E-02	4.98180E-03	8.86106E-03	1.00000E-03
1	1.24310E-02	2.88740E-03	9.03988E-03	1.00000E-03
1	9.65002E-03	3.13800E-03	9.47998E-03	1.00000E-03
1	7.39280E-03	7.13900E-03	2.96620E-03	1.00000E-03
1	8.86446E-03	5.37180E-03	3.29940E-03	1.00000E-03
1	3.18040E-03	6.47960E-03	3.11400E-03	1.00000E-03
1	1.10801E-02	5.01580E-03	4.94480E-03	1.00000E-03
1	9.33434E-03	7.22740E-03	4.65400E-03	1.00000E-03
1	1.28432E-02	7.40060E-03	4.67260E-03	1.00000E-03
1	5.68740E-03	2.85400E-03	5.18880E-03	1.00000E-03
1	9.13734E-03	2.90840E-03	5.12000E-03	1.00000E-03
1	1.74160E-02	3.23600E-03	5.17720E-03	1.00000E-03
1	7.33780E-03	4.69340E-03	5.14220E-03	1.00000E-03
1	1.73332E-02	4.70520E-03	6.68480E-03	1.00000E-03
1	1.69996E-02	1.21680E-03	7.18900E-03	1.00000E-03
1	3.45360E-03	3.01360E-03	7.06480E-03	1.00000E-03
1	7.87500E-03	3.07200E-03	7.20900E-03	1.00000E-03
1	1.93468E-02	3.17940E-03	7.24980E-03	1.00000E-03
1	1.12158E-02	3.59000E-03	7.01140E-03	1.00000E-03
1	6.56800E-04	7.09380E-03	9.49000E-04	1.00000E-03
1	8.68318E-03	7.32840E-03	6.78200E-04	1.00000E-03
1	7.05180E-03	5.07300E-03	1.23920E-03	1.00000E-03
1	5.04100E-03	6.75540E-03	1.50600E-03	1.00000E-03
1	1.51082E-02	6.48900E-03	2.64160E-03	1.00000E-03
1	1.93104E-02	6.05800E-03	2.86760E-03	1.00000E-03
1	1.05258E-02	7.11020E-03	2.96980E-03	1.00000E-03
1	5.21460E-03	8.63100E-03	2.68760E-03	1.00000E-03
1	1.30492E-02	8.77220E-03	3.05180E-03	1.00000E-03
1	1.69972E-02	8.97320E-03	3.35200E-03	1.00000E-03
1	8.95484E-03	9.43360E-03	3.07940E-03	1.00000E-03
1	1.72562E-02	5.67660E-03	3.50820E-03	1.00000E-03
1	1.92542E-02	8.46040E-03	4.28460E-03	1.00000E-03
1	1.48630E-02	9.27920E-03	4.33020E-03	1.00000E-03
1	3.44860E-03	8.98220E-03	4.79520E-03	1.00000E-03
1	6.70560E-03	8.87840E-03	4.88400E-03	1.00000E-03
1	1.06260E-02	9.04340E-03	4.85640E-03	1.00000E-03
1	1.21756E-02	7.22680E-03	9.45200E-04	1.00000E-03
1	1.66768E-02	7.06480E-03	6.45800E-04	1.00000E-03
1	3.95520E-03	8.66200E-03	9.09000E-04	1.00000E-03
1	1.93578E-02	8.98420E-03	5.68000E-04	1.00000E-03
1	7.11420E-03	9.02460E-03	9.76000E-04	1.00000E-03
1	1.09056E-02	9.11800E-03	1.11980E-03	1.00000E-03
1	1.45660E-02	9.09120E-03	1.69300E-03	1.00000E-03
1	5.97800E-04	8.58500E-03	2.44380E-03	1.00000E-03
1	1.01060E-03	1.25980E-03	3.13480E-03	1.00000E-03
1	8.63958E-03	1.06500E-03	3.35280E-03	1.00000E-03
1	2.50820E-03	1.01620E-03	4.49220E-03	1.00000E-03
1	3.18820E-03	1.29140E-03	1.56240E-03	1.00000E-03
1	5.17820E-03	1.47240E-03	2.81680E-03	1.00000E-03
1	1.89192E-02	2.51320E-03	2.72300E-03	1.00000E-03
1	1.09978E-02	3.25760E-03	2.77760E-03	1.00000E-03
1	1.67390E-02	1.23620E-03	3.14400E-03	1.00000E-03
1	1.50450E-02	2.62740E-03	3.15480E-03	1.00000E-03
1	3.86000E-03	3.12960E-03	3.14800E-03	1.00000E-03
1	8.58400E-04	4.79920E-03	3.24140E-03	1.00000E-03
1	5.56660E-03	4.93200E-03	3.03740E-03	1.00000E-03
1	1.29770E-02	4.95840E-03	3.08440E-03	1.00000E-03
1	1.26938E-02	3.26160E-03	4.24540E-03	1.00000E-03
1	7.14860E-03	1.37800E-03	4.69000E-03	1.00000E-03
1	1.47114E-02	1.01440E-03	4.93380E-03	1.00000E-03
1	1.09439E-02	1.80040E-03	4.79540E-03	1.00000E-03
1	6.03600E-04	3.03380E-03	4.94860E-03	1.00000E-03
1	3.16840E-03	4.75040E-03	4.77620E-03	1.00000E-03
1	1.50712E-02	4.74780E-03	4.64880E-03	1.00000E-03
1	1.94652E-02	4.78500E-03	4.89240E-03	1.00000E-03
1	1.03272E-02	4.72240E-03	3.38800E-04	1.00000E-03
1	7.13760E-03	1.19880E-03	6.60000E-04	1.00000E-03
1	1.09754E-02	1.38960E-03	9.45000E-04	1.00000E-03
1	1.87608E-02	1.16140E-03	6.66600E-04	1.00000E-03
1	4.75120E-03	2.85700E-03	8.81600E-04	1.00000E-03
1	1.49532E-02	4.47040E-03	9.37800E-04	1.00000E-03
1	1.89342E-02	4.77340E-03	7.67400E-04	1.00000E-03
1	1.49356E-02	1.44840E-03	1.37760E-03	1.00000E-03
1	1.33632E-02	2.75920E-03	1.15140E-03	1.00000E-03
1	8.91912E-03	3.07420E-03	1.45560E-03	1.00000E-03
1	8.28200E-04	3.76440E-03	1.37420E-03	1.00000E-03
1	2.74260E-03	4.65080E-03	1.49200E-03	1.00000E-03
1	1.69374E-02	2.73300E-03	1.66440E-03	1.00000E-03
1	1.27216E-02	1.20340E-03	2.47400E-03	1.00000E-03
1	6.90860E-03	2.46040E-03	2.47380E-03	1.00000E-03