1	0.03720	0.00508	0.01846	0.00100
1	0.03500	0.00744	0.01870	0.00100
1	0.03526	0.01100	0.01896	0.00100
1	0.03668	0.01282	0.01888	0.00100
1	0.03736	0.01706	0.01878	0.00100
1	0.03900	0.00350	0.01890	0.00100
1	0.03898	0.00676	0.01892	0.00100
1	0.03512	0.01492	0.01922	0.00100
1	0.03704	0.00949	0.01904	0.00100
1	0.03762	0.00110	0.01906	0.00100
1	0.03874	0.01107	0.01924	0.00100
1	0.03890	0.01908	0.01948	0.00100
1	0.03526	0.00686	0.01538	0.00100
1	0.03522	0.01494	0.01534	0.00100
1	0.03528	0.01976	0.01536	0.00100
1	0.03694	0.00094	0.01514	0.00100
1	0.03748	0.00938	0.01534	0.00100
1	0.03720	0.01274	0.01506	0.00100
1	0.03516	0.00468	0.01670	0.00100
1	0.03544	0.01330	0.01692	0.00100
1	0.03650	0.01092	0.01690	0.00100
1	0.03706	0.01512	0.01684	0.00100
1	0.03884	0.00518	0.01682	0.00100
1	0.03900	0.00893	0.01664	0.00100
1	0.03690	0.00678	0.01744	0.00100
1	0.03732	0.00346	0.01706	0.00100
1	0.03720	0.01944	0.01718	0.00100
1	0.03876	0.00080	0.01718	0.00100
1	0.03874	0.01294	0.01708	0.00100
1	0.03856	0.01534	0.01926	0.00100
1	0.03856	0.01736	0.01656	0.00100
1	0.03146	0.00062	0.01752	0.00100
1	0.03278	0.00850	0.01826	0.00100
1	0.03012	0.01478	0.01880	0.00100
1	0.03086	0.00288	0.01870	0.00100
1	0.03370	0.00432	0.01872	0.00100
1	0.03114	0.01144	0.01904	0.00100
1	0.03100	0.01838	0.01926	0.00100
1	0.03294	0.00078	0.01934	0.00100
1	0.03454	0.00246	0.01920	0.00100
1	0.03160	0.00722	0.01960	0.00100
1	0.03082	0.00692	0.01538	0.00100
1	0.03100	0.01125	0.01522	0.00100
1	0.03144	0.01530	0.01522	0.00100
1	0.03030	0.00856	0.01688	0.00100
1	0.03044	0.00474	0.01720	0.00100
1	0.03098	0.01706	0.01702	0.00100
1	0.03104	0.01290	0.01746	0.00100
1	0.03314	0.00216	0.01704	0.00100
1	0.03476	0.00092	0.01724	0.00100
1	0.03466	0.00871	0.01714	0.00100
1	0.03342	0.01294	0.01912	0.00100
1	0.03452	0.01900	0.01910	0.00100
1	0.03302	0.01718	0.01954	0.00100
1	0.03676	0.00316	0.01290	0.00100
1	0.03660	0.01152	0.01276	0.00100
1	0.03524	0.00066	0.01322	0.00100
1	0.03516	0.01718	0.01342	0.00100
1	0.03690	0.00716	0.01336	0.00100
1	0.03666	0.01876	0.01334	0.00100
1	0.03728	0.01486	0.01318	0.00100
1	0.03846	0.00460	0.01302	0.00100
1	0.03694	0.01716	0.01492	0.00100
1	0.03710	0.00494	0.01464	0.00100
1	0.03898	0.00288	0.01466	0.00100
1	0.03300	0.01294	0.01532	0.00100
1	0.03470	0.01078	0.01524	0.00100
1	0.03460	0.01748	0.01688	0.00100
1	0.03290	0.01129	0.01700	0.00100
1	0.03280	0.01506	0.01716	0.00100
1	0.03328	0.00678	0.01704	0.00100
1	0.03320	0.01934	0.01738	0.00100
1	0.03508	0.00686	0.01078	0.00100
1	0.03506	0.01886	0.01098	0.00100
1	0.03636	0.00068	0.01101	0.00100
1	0.03682	0.00526	0.01104	0.00100
1	0.03676	0.00909	0.01108	0.00100
1	0.03702	0.01308	0.01146	0.00100
1	0.03688	0.01666	0.01169	0.00100
1	0.03868	0.00900	0.01294	0.00100
1	0.03876	0.01282	0.01276	0.00100
1	0.03884	0.01650	0.01288	0.00100
1	0.03848	0.00140	0.01326	0.00100
1	0.03882	0.01892	0.01446	0.00100
1	0.03880	0.00638	0.01500	0.00100
1	0.03896	0.01136	0.01486	0.00100
1	0.03868	0.01476	0.01478	0.00100
1	0.03534	0.01504	0.01066	0.00100
1	0.03874	0.00298	0.01083	0.00100
1	0.03888	0.01172	0.01092	0.00100
1	0.03892	0.01852	0.01063	0.00100
1	0.03848	0.01448	0.01114	0.00100
1	0.03882	0.00660	0.01102	0.00100
1	0.03074	0.00556	0.01278	0.00100
1	0.03094	0.01296	0.01288	0.00100
1	0.03084	0.00148	0.01316	0.00100
1	0.03082	0.00939	0.01316	0.00100
1	0.03074	0.00334	0.01456	0.00100
1	0.03072	0.01884	0.01500	0.00100
1	0.03112	0.00684	0.01039	0.00100
1	0.03072	0.00358	0.01083	0.00100
1	0.03286	0.00312	0.01274	0.00100
1	0.03474	0.00912	0.01282	0.00100
1	0.03282	0.01912	0.01318	0.00100
1	0.03312	0.01117	0.01300	0.00100
1	0.03400	0.01516	0.01320	0.00100
1	0.03472	0.00450	0.01308	0.00100
1	0.03464	0.01276	0.01332	0.00100
1	0.03336	0.00714	0.01352	0.00100
1	0.03294	0.01664	0.01436	0.00100
1	0.03302	0.00162	0.01444	0.00100
1	0.03292	0.00512	0.01460	0.00100
1	0.03296	0.00919	0.01454	0.00100
1	0.03498	0.00328	0.01486	0.00100
1	0.03514	0.00068	0.00875	0.00100
1	0.03508	0.00942	0.00862	0.00100
1	0.03516	0.00514	0.00942	0.00100
1	0.03640	0.00344	0.00938	0.00100
1	0.03700	0.00678	0.00969	0.00100
1	0.03258	0.01306	0.01069	0.00100
1	0.03288	0.01718	0.01065	0.00100
1	0.03480	0.01129	0.01066	0.00100
1	0.03100	0.01128	0.01139	0.00100
1	0.03120	0.01864	0.01115	0.00100
1	0.03150	0.01526	0.01138	0.00100
1	0.03274	0.00906	0.01139	0.00100
1	0.03322	0.00504	0.01155	0.00100
1	0.03358	0.00072	0.01164	0.00100
1	0.03468	0.00288	0.01157	0.00100
1	0.03122	0.01696	0.01250	0.00100
1	0.03502	0.00098	0.00512	0.00100
1	0.03690	0.00394	0.00520	0.00100
1	0.03508	0.00316	0.00648	0.00100
1	0.03518	0.00768	0.00676	0.00100
1	0.03720	0.00076	0.00666	0.00100
1	0.03900	0.00074	0.00812	0.00100
1	0.03890	0.01662	0.00831	0.00100
1	0.03666	0.01922	0.00880	0.00100
1	0.03722	0.01112	0.00879	0.00100
1	0.03702	0.01482	0.00869	0.00100
1	0.03880	0.00900	0.00890	0.00100
1	0.03890	0.01296	0.00889	0.00100
1	0.03870	0.00494	0.00901	0.00100
1	0.03666	0.01096	0.00520	0.00100
1	0.03692	0.01890	0.00508	0.00100
1	0.03706	0.01522	0.00522	0.00100
1	0.03872	0.01306	0.00530	0.00100
1	0.03544	0.01518	0.00658	0.00100
1	0.03512	0.01894	0.00696	0.00100
1	0.03816	0.01504	0.00698	0.00100
1	0.03870	0.00292	0.00690	0.00100
1	0.03526	0.01109	0.00742	0.00100
1	0.03668	0.00510	0.00714	0.00100
1	0.03742	0.01296	0.00718	0.00100
1	0.03724	0.01710	0.00726	0.00100
1	0.03756	0.00898	0.00730	0.00100
1	0.03894	0.00710	0.00706	0.00100
1	0.03888	0.01124	0.00746	0.00100
1	0.03872	0.01846	0.00722	0.00100
1	0.03052	0.00658	0.00752	0.00100
1	0.03150	0.01300	0.00864	0.00100
1	0.03110	0.01722	0.00886	0.00100
1	0.03310	0.00658	0.00884	0.00100
1	0.03310	0.01494	0.00886	0.00100
1	0.03484	0.01256	0.00893	0.00100
1	0.03130	0.00506	0.00945	0.00100
1	0.03104	0.00888	0.00949	0.00100
1	0.03166	0.00090	0.00913	0.00100
1	0.03278	0.01924	0.00940	0.00100
1	0.03304	0.01154	0.00932	0.00100
1	0.03490	0.01708	0.00918	0.00100
1	0.03300	0.00300	0.00960	0.00100
1	0.03100	0.01276	0.00512	0.00100
1	0.03494	0.00966	0.00506	0.00100
1	0.03108	0.00844	0.00554	0.00100
1	0.03266	0.00490	0.00646	0.00100
1	0.03320	0.00072	0.00638	0.00100
1	0.03082	0.00320	0.00654	0.00100
1	0.03082	0.01048	0.00694	0.00100
1	0.03084	0.01522	0.00702	0.00100
1	0.03106	0.01924	0.00700	0.00100
1	0.03310	0.00883	0.00706	0.00100
1	0.03316	0.01278	0.00712	0.00100
1	0.03538	0.00274	0.00266	0.00100
1	0.03524	0.00708	0.00270	0.00100
1	0.03650	0.00520	0.00284	0.00100
1	0.03670	0.00892	0.00284	0.00100
1	0.03830	0.00258	0.00292	0.00100
1	0.03528	0.01462	0.00314	0.00100
1	0.03578	0.01910	0.00306	0.00100
1	0.03648	0.00116	0.00332	0.00100
1	0.03678	0.01722	0.00330	0.00100
1	0.03702	0.01224	0.00324	0.00100
1	0.03876	0.00782	0.00304	0.00100
1	0.03502	0.00460	0.00486	0.00100
1	0.03540	0.01320	0.00474	0.00100
1	0.03512	0.01742	0.00456	0.00100
1	0.03736	0.00694	0.00484	0.00100
1	0.03890	0.00080	0.00498	0.00100
1	0.03884	0.00498	0.00472	0.00100
1	0.03886	0.00922	0.00462	0.00100
1	0.03292	0.01712	0.00722	0.00100
1	0.03532	0.01246	0.00040	0.00100
1	0.03884	0.00900	0.00040	0.00100
1	0.03668	0.01464	0.00090	0.00100
1	0.03712	0.00288	0.00080	0.00100
1	0.03704	0.00712	0.00078	0.00100
1	0.03710	0.01143	0.00082	0.00100
1	0.03686	0.01880	0.00136	0.00100
1	0.03880	0.00122	0.00128	0.00100
1	0.03900	0.01131	0.00274	0.00100
1	0.03888	0.01544	0.00326	0.00100
1	0.03886	0.01692	0.00494	0.00100
1	0.03890	0.00528	0.00080	0.00100
1	0.03858	0.01334	0.00070	0.00100
1	0.03834	0.01650	0.00102	0.00100
1	0.03888	0.01878	0.00230	0.00100
1	0.03086	0.00316	0.00256	0.00100
1	0.03088	0.01470	0.00286	0.00100
1	0.03274	0.00136	0.00286	0.00100
1	0.03098	0.01111	0.00314	0.00100
1	0.03086	0.01916	0.00304	0.00100
1	0.03120	0.00702	0.00302	0.00100
1	0.03038	0.00536	0.00472	0.00100
1	0.03084	0.00100	0.00450	0.00100
1	0.03104	0.01720	0.00480	0.00100
1	0.03284	0.00266	0.00460	0.00100
1	0.03056	0.00947	0.00056	0.00100
1	0.03066	0.00096	0.00138	0.00100
1	0.03096	0.00532	0.00126	0.00100
1	0.03090	0.01734	0.00104	0.00100
1	0.03118	0.01322	0.00132	0.00100
1	0.03274	0.00905	0.00328	0.00100
1	0.03252	0.01696	0.00342	0.00100
1	0.03424	0.01091	0.00324	0.00100
1	0.03328	0.00506	0.00360	0.00100
1	0.03334	0.01292	0.00374	0.00100
1	0.03298	0.01054	0.00496	0.00100
1	0.03258	0.01914	0.00482	0.00100
1	0.03302	0.00668	0.00480	0.00100
1	0.03316	0.01512	0.00482	0.00100
1	0.03476	0.00492	0.00038	0.00100
1	0.03320	0.00714	0.00086	0.00100
1	0.03320	0.01143	0.00062	0.00100
1	0.03432	0.00892	0.00088	0.00100
1	0.03270	0.01470	0.00114	0.00100
1	0.03310	0.00284	0.00126	0.00100
1	0.03318	0.01892	0.00112	0.00100
1	0.03460	0.00146	0.00120	0.00100
1	0.03460	0.01678	0.00120	0.00100
1	0.02518	0.01085	0.01794	0.00100
1	0.02700	0.00756	0.01932	0.00100
1	0.02696	0.01108	0.01924	0.00100
1	0.02698	0.01854	0.01910	0.00100
1	0.02716	0.00288	0.01940	0.00100
1	0.02534	0.00538	0.01504	0.00100
1	0.02674	0.00278	0.01530	0.00100
1	0.02734	0.01114	0.01508	0.00100
1	0.02514	0.00246	0.01716	0.00100
1	0.02638	0.00488	0.01702	0.00100
1	0.02690	0.00072	0.01738	0.00100
1	0.02678	0.00897	0.01736	0.00100
1	0.02690	0.01238	0.01710	0.00100
1	0.02718	0.01684	0.01758	0.00100
1	0.02530	0.01678	0.01884	0.00100
1	0.02746	0.01532	0.01928	0.00100
1	0.02852	0.00118	0.01934	0.00100
1	0.02900	0.00488	0.01904	0.00100
1	0.02878	0.00909	0.01908	0.00100
1	0.02888	0.01678	0.01932	0.00100
1	0.02904	0.01300	0.01938	0.00100
1	0.02520	0.01642	0.01516	0.00100
1	0.02748	0.01510	0.01508	0.00100
1	0.02722	0.01846	0.01502	0.00100
1	0.02902	0.00170	0.01508	0.00100
1	0.02908	0.00838	0.01522	0.00100
1	0.02948	0.01680	0.01542	0.00100
1	0.02918	0.01904	0.01644	0.00100
1	0.02854	0.01123	0.01670	0.00100
1	0.02860	0.01530	0.01684	0.00100
1	0.02898	0.00640	0.01710	0.00100
1	0.02944	0.00282	0.01704	0.00100
1	0.02035	0.00895	0.01898	0.00100
1	0.02093	0.00122	0.01904	0.00100
1	0.02097	0.00526	0.01948	0.00100
1	0.02136	0.01298	0.01930	0.00100
1	0.02069	0.00856	0.01514	0.00100
1	0.02145	0.00104	0.01504	0.00100
1	0.02109	0.00302	0.01608	0.00100
1	0.02118	0.01930	0.01754	0.00100
1	0.02288	0.00340	0.01880	0.00100
1	0.02336	0.01846	0.01898	0.00100
1	0.02468	0.00104	0.01890	0.00100
1	0.02490	0.00472	0.01896	0.00100
1	0.02097	0.01728	0.01938	0.00100
1	0.02294	0.00648	0.01902	0.00100
1	0.02266	0.01096	0.01928	0.00100
1	0.02374	0.01546	0.01908	0.00100
1	0.02500	0.00927	0.01918	0.00100
1	0.02466	0.01254	0.01910	0.00100
1	0.02716	0.00470	0.01270	0.00100
1	0.02686	0.00176	0.01312	0.00100
1	0.02546	0.00110	0.01494	0.00100
1	0.02146	0.01298	0.01512	0.00100
1	0.02270	0.01930	0.01504	0.00100
1	0.02346	0.00290	0.01548	0.00100
1	0.02358	0.01090	0.01518	0.00100
1	0.02111	0.01698	0.01568	0.00100
1	0.02472	0.01260	0.01562	0.00100
1	0.02334	0.00070	0.01634	0.00100
1	0.02075	0.01126	0.01676	0.00100
1	0.02091	0.01512	0.01684	0.00100
1	0.02246	0.00540	0.01692	0.00100
1	0.02340	0.00927	0.01670	0.00100
1	0.02490	0.00676	0.01656	0.00100
1	0.02466	0.01450	0.01682	0.00100
1	0.02124	0.00720	0.01714	0.00100
1	0.02284	0.01354	0.01734	0.00100
1	0.02286	0.01694	0.01708	0.00100
1	0.02490	0.01936	0.01734	0.00100
1	0.02656	0.00887	0.01260	0.00100
1	0.02882	0.00296	0.01284	0.00100
1	0.02540	0.01902	0.01324	0.00100
1	0.02572	0.01490	0.01308	0.00100
1	0.02658	0.01284	0.01306	0.00100
1	0.02710	0.01710	0.01332	0.00100
1	0.02822	0.01104	0.01314	0.00100
1	0.02894	0.00684	0.01330	0.00100
1	0.02884	0.01528	0.01308	0.00100
1	0.02908	0.01286	0.01434	0.00100
1	0.02504	0.00907	0.01468	0.00100
1	0.02662	0.00756	0.01492	0.00100
1	0.02870	0.00458	0.01450	0.00100
1	0.02894	0.01314	0.01039	0.00100
1	0.02522	0.00062	0.01088	0.00100
1	0.02686	0.01578	0.01082	0.00100
1	0.02734	0.00332	0.01095	0.00100
1	0.02794	0.00678	0.01089	0.00100
1	0.02878	0.00122	0.01082	0.00100
1	0.02688	0.01918	0.01112	0.00100
1	0.02740	0.01064	0.01103	0.00100
1	0.02916	0.00510	0.01122	0.00100
1	0.02940	0.00870	0.01151	0.00100
1	0.02902	0.01918	0.01232	0.00100
1	0.02868	0.01722	0.01042	0.00100
1	0.02109	0.01908	0.01286	0.00100
1	0.02248	0.01270	0.01262	0.00100
1	0.02466	0.00686	0.01290	0.00100
1	0.02490	0.01077	0.01266	0.00100
1	0.02074	0.00302	0.01306	0.00100
1	0.02102	0.01528	0.01306	0.00100
1	0.02244	0.01676	0.01312	0.00100
1	0.02300	0.00464	0.01332	0.00100
1	0.02314	0.00911	0.01328	0.00100
1	0.02466	0.00338	0.01336	0.00100
1	0.02084	0.00714	0.01362	0.00100
1	0.02099	0.01061	0.01358	0.00100
1	0.02312	0.00126	0.01358	0.00100
1	0.02302	0.00684	0.01448	0.00100
1	0.02137	0.00490	0.01496	0.00100
1	0.02099	0.01282	0.01071	0.00100
1	0.02340	0.00292	0.01068	0.00100
1	0.02130	0.00512	0.01144	0.00100
1	0.02169	0.00116	0.01104	0.00100
1	0.02154	0.00898	0.01133	0.00100
1	0.02248	0.00684	0.01132	0.00100
1	0.02464	0.00859	0.01110	0.00100
1	0.02107	0.01688	0.01160	0.00100
1	0.02470	0.00486	0.01192	0.00100
1	0.02334	0.01560	0.01494	0.00100
1	0.02504	0.01904	0.00853	0.00100
1	0.02632	0.01332	0.00879	0.00100
1	0.02696	0.00096	0.00878	0.00100
1	0.02728	0.00500	0.00872	0.00100
1	0.02730	0.01686	0.00886	0.00100
1	0.02694	0.00858	0.00930	0.00100
1	0.02928	0.00294	0.00923	0.00100
1	0.02420	0.01700	0.01067	0.00100
1	0.02470	0.01314	0.01078	0.00100
1	0.02280	0.01470	0.01101	0.00100
1	0.02294	0.01908	0.01123	0.00100
1	0.02330	0.01110	0.01117	0.00100
1	0.02724	0.00098	0.00540	0.00100
1	0.02712	0.01256	0.00512	0.00100
1	0.02706	0.01734	0.00522	0.00100
1	0.02512	0.01041	0.00556	0.00100
1	0.02538	0.01296	0.00608	0.00100
1	0.02738	0.00322	0.00638	0.00100
1	0.02506	0.00486	0.00678	0.00100
1	0.02690	0.01934	0.00686	0.00100
1	0.02724	0.01092	0.00690	0.00100
1	0.02706	0.01560	0.00686	0.00100
1	0.02724	0.00632	0.00718	0.00100
1	0.02894	0.00484	0.00710	0.00100
1	0.02880	0.01750	0.00754	0.00100
1	0.02862	0.00722	0.00870	0.00100
1	0.02880	0.01472	0.00893	0.00100
1	0.02868	0.01908	0.00894	0.00100
1	0.02890	0.01049	0.00911	0.00100
1	0.02890	0.01119	0.00504	0.00100
1	0.02902	0.00688	0.00534	0.00100
1	0.02920	0.01878	0.00526	0.00100
1	0.02952	0.01512	0.00530	0.00100
1	0.02918	0.01312	0.00634	0.00100
1	0.02842	0.00856	0.00690	0.00100
1	0.02926	0.00104	0.00672	0.00100
1	0.02094	0.01101	0.00877	0.00100
1	0.02103	0.00690	0.00875	0.00100
1	0.02108	0.01888	0.00894	0.00100
1	0.02159	0.01496	0.00882	0.00100
1	0.02228	0.01714	0.00931	0.00100
1	0.02164	0.00262	0.00952	0.00100
1	0.02019	0.00512	0.00694	0.00100
1	0.02059	0.00092	0.00684	0.00100
1	0.02083	0.00820	0.00652	0.00100
1	0.02140	0.01276	0.00684	0.00100
1	0.02250	0.01074	0.00662	0.00100
1	0.02284	0.00861	0.00869	0.00100
1	0.02294	0.01232	0.00896	0.00100
1	0.02334	0.00496	0.00893	0.00100
1	0.02484	0.00714	0.00880	0.00100
1	0.02470	0.01131	0.00862	0.00100
1	0.02484	0.01544	0.00899	0.00100
1	0.02280	0.00088	0.00910	0.00100
1	0.02500	0.00314	0.00949	0.00100
1	0.02540	0.00494	0.00298	0.00100
1	0.02664	0.00710	0.00290	0.00100
1	0.02730	0.00336	0.00294	0.00100
1	0.02506	0.01304	0.00316	0.00100
1	0.02676	0.01476	0.00358	0.00100
1	0.02668	0.00892	0.00440	0.00100
1	0.02514	0.00290	0.00480	0.00100
1	0.02710	0.00490	0.00484	0.00100
1	0.02248	0.01698	0.00544	0.00100
1	0.02262	0.00498	0.00516	0.00100
1	0.02312	0.00170	0.00532	0.00100
1	0.02492	0.00690	0.00514	0.00100
1	0.02450	0.01506	0.00540	0.00100
1	0.02324	0.00692	0.00660	0.00100
1	0.02466	0.00126	0.00660	0.00100
1	0.02472	0.01730	0.00682	0.00100
1	0.02071	0.01710	0.00720	0.00100
1	0.02282	0.00318	0.00746	0.00100
1	0.02324	0.01494	0.00710	0.00100
1	0.02326	0.01894	0.00712	0.00100
1	0.02500	0.00898	0.00716	0.00100
1	0.02522	0.00760	0.00048	0.00100
1	0.02712	0.00452	0.00064	0.00100
1	0.02714	0.00940	0.00112	0.00100
1	0.02526	0.00923	0.00246	0.00100
1	0.02666	0.01056	0.00324	0.00100
1	0.02662	0.01856	0.00310	0.00100
1	0.02818	0.00886	0.00300	0.00100
1	0.02884	0.00492	0.00324	0.00100
1	0.02918	0.00070	0.00322	0.00100
1	0.02916	0.01668	0.00344	0.00100
1	0.02914	0.01348	0.00398	0.00100
1	0.02516	0.01880	0.00478	0.00100
1	0.02856	0.00306	0.00470	0.00100
1	0.02914	0.00742	0.00048	0.00100
1	0.02704	0.01296	0.00092	0.00100
1	0.02740	0.01700	0.00096	0.00100
1	0.02530	0.01568	0.00112	0.00100
1	0.02508	0.01888	0.00108	0.00100
1	0.02752	0.00090	0.00128	0.00100
1	0.02864	0.00316	0.00116	0.00100
1	0.02858	0.01081	0.00102	0.00100
1	0.02944	0.01574	0.00134	0.00100
1	0.02900	0.01890	0.00144	0.00100
1	0.02096	0.00126	0.00270	0.00100
1	0.02079	0.00468	0.00302	0.00100
1	0.02126	0.00338	0.00482	0.00100
1	0.02018	0.00360	0.00104	0.00100
1	0.02085	0.00934	0.00288	0.00100
1	0.02294	0.00278	0.00300	0.00100
1	0.02320	0.01950	0.00262	0.00100
1	0.02366	0.01450	0.00262	0.00100
1	0.02444	0.01652	0.00276	0.00100
1	0.02093	0.01342	0.00330	0.00100
1	0.02105	0.01712	0.00300	0.00100
1	0.02266	0.01053	0.00342	0.00100
1	0.02334	0.00658	0.00310	0.00100
1	0.02476	0.00080	0.00314	0.00100
1	0.02318	0.00839	0.00438	0.00100
1	0.02048	0.01536	0.00468	0.00100
1	0.02069	0.01138	0.00456	0.00100
1	0.02094	0.01980	0.00452	0.00100
1	0.02110	0.00674	0.00478	0.00100
1	0.02370	0.01242	0.00488	0.00100
1	0.02292	0.00476	0.00050	0.00100
1	0.02098	0.00718	0.00054	0.00100
1	0.02280	0.00106	0.00090	0.00100
1	0.02322	0.01294	0.00090	0.00100
1	0.02072	0.01924	0.00146	0.00100
1	0.02100	0.01120	0.00122	0.00100
1	0.02128	0.01490	0.00138	0.00100
1	0.02340	0.01728	0.00112	0.00100
1	0.02358	0.00892	0.00108	0.00100
1	0.02476	0.00294	0.00148	0.00100
1	0.02462	0.01137	0.00140	0.00100
1	0.01508	0.00698	0.01842	0.00100
1	0.01744	0.01264	0.01840	0.00100
1	0.01516	0.01114	0.01892	0.00100
1	0.01516	0.01502	0.01860	0.00100
1	0.01700	0.00116	0.01854	0.00100
1	0.01724	0.00472	0.01874	0.00100
1	0.01892	0.00756	0.01872	0.00100
1	0.01929	0.00270	0.01884	0.00100
1	0.01690	0.00878	0.01942	0.00100
1	0.01895	0.01488	0.01922	0.00100
1	0.01891	0.01978	0.01938	0.00100
1	0.01915	0.01114	0.01900	0.00100
1	0.01522	0.00270	0.01966	0.00100
1	0.01941	0.00680	0.01536	0.00100
1	0.01708	0.00080	0.01560	0.00100
1	0.01890	0.00290	0.01558	0.00100
1	0.01546	0.01300	0.01634	0.00100
1	0.01518	0.00098	0.01690	0.00100
1	0.01702	0.00698	0.01668	0.00100
1	0.01708	0.01840	0.01676	0.00100
1	0.01896	0.00856	0.01694	0.00100
1	0.01901	0.00510	0.01670	0.00100
1	0.01532	0.00516	0.01728	0.00100
1	0.01508	0.01672	0.01714	0.00100
1	0.01702	0.00288	0.01714	0.00100
1	0.01740	0.01071	0.01732	0.00100
1	0.01891	0.00150	0.01716	0.00100
1	0.01898	0.01338	0.01716	0.00100
1	0.01756	0.01728	0.01898	0.00100
1	0.01899	0.01060	0.01508	0.00100
1	0.01752	0.01524	0.01742	0.00100
1	0.01907	0.01732	0.01706	0.00100
1	0.01062	0.00310	0.01878	0.00100
1	0.01084	0.01494	0.01894	0.00100
1	0.01322	0.00956	0.01888	0.00100
1	0.01138	0.00688	0.01906	0.00100
1	0.01118	0.01113	0.01906	0.00100
1	0.01124	0.01926	0.01930	0.00100
1	0.01268	0.00092	0.01910	0.00100
1	0.01328	0.00498	0.01948	0.00100
1	0.01126	0.00286	0.01516	0.00100
1	0.01118	0.01524	0.01526	0.00100
1	0.01112	0.01930	0.01508	0.00100
1	0.01340	0.00054	0.01500	0.00100
1	0.01460	0.00310	0.01560	0.00100
1	0.01100	0.00907	0.01654	0.00100
1	0.01076	0.01670	0.01688	0.00100
1	0.01134	0.00120	0.01660	0.00100
1	0.01100	0.00532	0.01674	0.00100
1	0.01092	0.01312	0.01724	0.00100
1	0.01308	0.00292	0.01744	0.00100
1	0.01296	0.01680	0.01898	0.00100
1	0.01492	0.01858	0.01856	0.00100
1	0.01344	0.01294	0.01914	0.00100
1	0.01682	0.01053	0.01266	0.00100
1	0.01750	0.00284	0.01292	0.00100
1	0.01502	0.00886	0.01312	0.00100
1	0.01528	0.01692	0.01338	0.00100
1	0.01666	0.00656	0.01326	0.00100
1	0.01670	0.01526	0.01318	0.00100
1	0.01712	0.01902	0.01318	0.00100
1	0.01714	0.00882	0.01438	0.00100
1	0.01682	0.01332	0.01490	0.00100
1	0.01674	0.01696	0.01492	0.00100
1	0.01720	0.00498	0.01482	0.00100
1	0.01270	0.01318	0.01546	0.00100
1	0.01480	0.01910	0.01506	0.00100
1	0.01464	0.01534	0.01562	0.00100
1	0.01298	0.01119	0.01656	0.00100
1	0.01284	0.01924	0.01696	0.00100
1	0.01450	0.00831	0.01688	0.00100
1	0.01276	0.00724	0.01728	0.00100
1	0.01324	0.01536	0.01712	0.00100
1	0.01664	0.00494	0.01055	0.00100
1	0.01734	0.00122	0.01087	0.00100
1	0.01726	0.00928	0.01072	0.00100
1	0.01722	0.01338	0.01088	0.00100
1	0.01516	0.01928	0.01117	0.00100
1	0.01708	0.01632	0.01120	0.00100
1	0.01885	0.01752	0.01298	0.00100
1	0.01891	0.00532	0.01306	0.00100
1	0.01854	0.00952	0.01312	0.00100
1	0.01934	0.01316	0.01324	0.00100
1	0.01953	0.00136	0.01392	0.00100
1	0.01864	0.01878	0.01478	0.00100
1	0.01922	0.01518	0.01460	0.00100
1	0.01946	0.00684	0.01092	0.00100
1	0.01933	0.01916	0.01088	0.00100
1	0.01952	0.01512	0.01076	0.00100
1	0.01888	0.00274	0.01133	0.00100
1	0.01904	0.01088	0.01126	0.00100
1	0.01078	0.00550	0.01290	0.00100
1	0.01118	0.00076	0.01260	0.00100
1	0.01148	0.01280	0.01350	0.00100
1	0.01132	0.00863	0.01364	0.00100
1	0.01070	0.00690	0.01488	0.00100
1	0.01158	0.01102	0.01458	0.00100
1	0.01054	0.00300	0.01070	0.00100
1	0.01140	0.00744	0.01091	0.00100
1	0.01102	0.01426	0.01055	0.00100
1	0.01270	0.01444	0.01294	0.00100
1	0.01316	0.00308	0.01276	0.00100
1	0.01328	0.01092	0.01278	0.00100
1	0.01490	0.00452	0.01264	0.00100
1	0.01068	0.01700	0.01314	0.00100
1	0.01294	0.01854	0.01304	0.00100
1	0.01310	0.00714	0.01338	0.00100
1	0.01474	0.01282	0.01314	0.00100
1	0.01302	0.01666	0.01398	0.00100
1	0.01298	0.00534	0.01496	0.00100
1	0.01314	0.00927	0.01484	0.00100
1	0.01488	0.00760	0.01492	0.00100
1	0.01496	0.01075	0.01482	0.00100
1	0.01502	0.00974	0.00837	0.00100
1	0.01676	0.00320	0.00923	0.00100
1	0.01472	0.00690	0.01047	0.00100
1	0.01292	0.00883	0.01074	0.00100
1	0.01262	0.01278	0.01054	0.00100
1	0.01334	0.00156	0.01077	0.00100
1	0.01318	0.00498	0.01089	0.00100
1	0.01428	0.01530	0.01061	0.00100
1	0.01456	0.00318	0.01071	0.00100
1	0.01102	0.01904	0.01116	0.00100
1	0.01486	0.01093	0.01129	0.00100
1	0.01116	0.01110	0.01162	0.00100
1	0.01368	0.01706	0.01173	0.00100
1	0.01462	0.00116	0.01232	0.00100
1	0.01572	0.00270	0.00668	0.00100
1	0.01628	0.00486	0.00730	0.00100
1	0.01684	0.00096	0.00718	0.00100
1	0.01696	0.00674	0.00840	0.00100
1	0.01608	0.01908	0.00874	0.00100
1	0.01870	0.00949	0.00860	0.00100
1	0.01965	0.01278	0.00877	0.00100
1	0.01724	0.01086	0.00921	0.00100
1	0.01893	0.01698	0.00905	0.00100
1	0.01922	0.00520	0.00948	0.00100
1	0.01706	0.01518	0.00955	0.00100
1	0.01940	0.00118	0.00986	0.00100
1	0.01670	0.01876	0.00508	0.00100
1	0.01716	0.01112	0.00546	0.00100
1	0.01917	0.00072	0.00508	0.00100
1	0.01915	0.01756	0.00522	0.00100
1	0.01526	0.00504	0.00554	0.00100
1	0.01538	0.00886	0.00556	0.00100
1	0.01924	0.01342	0.00556	0.00100
1	0.01546	0.01502	0.00672	0.00100
1	0.01522	0.01912	0.00670	0.00100
1	0.01696	0.01692	0.00688	0.00100
1	0.01850	0.01498	0.00698	0.00100
1	0.01862	0.00328	0.00680	0.00100
1	0.01912	0.00698	0.00690	0.00100
1	0.01920	0.01902	0.00682	0.00100
1	0.01960	0.01081	0.00666	0.00100
1	0.01664	0.00927	0.00704	0.00100
1	0.01678	0.01314	0.00718	0.00100
1	0.01034	0.00899	0.00898	0.00100
1	0.01088	0.01252	0.00886	0.00100
1	0.01336	0.01856	0.00869	0.00100
1	0.01488	0.00586	0.00860	0.00100
1	0.01482	0.01340	0.00852	0.00100
1	0.01492	0.01686	0.00893	0.00100
1	0.01086	0.00506	0.00917	0.00100
1	0.01118	0.00138	0.00930	0.00100
1	0.01296	0.00354	0.00938	0.00100
1	0.01300	0.00648	0.00942	0.00100
1	0.01308	0.01066	0.00901	0.00100
1	0.01310	0.01438	0.00913	0.00100
1	0.01464	0.00102	0.00904	0.00100
1	0.01102	0.01728	0.00965	0.00100
1	0.01096	0.00926	0.00540	0.00100
1	0.01124	0.00460	0.00520	0.00100
1	0.01124	0.01664	0.00526	0.00100
1	0.01092	0.00696	0.00642	0.00100
1	0.01134	0.00300	0.00646	0.00100
1	0.01098	0.01510	0.00686	0.00100
1	0.01080	0.01956	0.00666	0.00100
1	0.01494	0.00726	0.00696	0.00100
1	0.01472	0.01128	0.00664	0.00100
1	0.01138	0.01081	0.00712	0.00100
1	0.01270	0.00494	0.00734	0.00100
1	0.01292	0.00931	0.00742	0.00100
1	0.01328	0.00086	0.00730	0.00100
1	0.01322	0.01304	0.00720	0.00100
1	0.01500	0.00268	0.00272	0.00100
1	0.01512	0.01514	0.00284	0.00100
1	0.01506	0.01880	0.00290	0.00100
1	0.01714	0.00104	0.00294	0.00100
1	0.01895	0.00260	0.00296	0.00100
1	0.01506	0.00720	0.00334	0.00100
1	0.01544	0.01056	0.00330	0.00100
1	0.01724	0.00928	0.00306	0.00100
1	0.01862	0.00724	0.00308	0.00100
1	0.01510	0.01632	0.00496	0.00100
1	0.01558	0.01312	0.00484	0.00100
1	0.01700	0.00304	0.00500	0.00100
1	0.01668	0.00742	0.00472	0.00100
1	0.01734	0.01496	0.00458	0.00100
1	0.01951	0.00516	0.00490	0.00100
1	0.01987	0.00916	0.00488	0.00100
1	0.01372	0.01866	0.00506	0.00100
1	0.01350	0.01718	0.00720	0.00100
1	0.01600	0.01070	0.00086	0.00100
1	0.01508	0.00118	0.00100	0.00100
1	0.01614	0.01874	0.00116	0.00100
1	0.01700	0.00708	0.00122	0.00100
1	0.01822	0.00873	0.00100	0.00100
1	0.01959	0.00102	0.00128	0.00100
1	0.01528	0.00432	0.00154	0.00100
1	0.01506	0.01310	0.00160	0.00100
1	0.01744	0.00332	0.00172	0.00100
1	0.01696	0.01682	0.00248	0.00100
1	0.01704	0.00522	0.00216	0.00100
1	0.01834	0.01512	0.00262	0.00100
1	0.01918	0.01094	0.00278	0.00100
1	0.01760	0.01260	0.00328	0.00100
1	0.01900	0.01862	0.00352	0.00100
1	0.01945	0.01294	0.00024	0.00100
1	0.01928	0.01710	0.00048	0.00100
1	0.01750	0.01516	0.00078	0.00100
1	0.01860	0.00530	0.00058	0.00100
1	0.01052	0.00344	0.00294	0.00100
1	0.01088	0.01922	0.00300	0.00100
1	0.01302	0.00098	0.00262	0.00100
1	0.01060	0.00724	0.00304	0.00100
1	0.01092	0.01534	0.00324	0.00100
1	0.01128	0.01065	0.00310	0.00100
1	0.01146	0.00100	0.00450	0.00100
1	0.01124	0.01286	0.00462	0.00100
1	0.01242	0.00682	0.00456	0.00100
1	0.01272	0.00284	0.00492	0.00100
1	0.01472	0.00166	0.00456	0.00100
1	0.01096	0.00924	0.00078	0.00100
1	0.01088	0.01704	0.00068	0.00100
1	0.01116	0.00102	0.00088	0.00100
1	0.01088	0.00538	0.00132	0.00100
1	0.01078	0.01272	0.00124	0.00100
1	0.01264	0.00850	0.00256	0.00100
1	0.01322	0.01350	0.00260	0.00100
1	0.01310	0.01722	0.00288	0.00100
1	0.01322	0.00506	0.00320	0.00100
1	0.01288	0.01169	0.00470	0.00100
1	0.01348	0.01514	0.00494	0.00100
1	0.01308	0.00282	0.00092	0.00100
1	0.01344	0.01117	0.00096	0.00100
1	0.01480	0.00827	0.00060	0.00100
1	0.01458	0.01722	0.00074	0.00100
1	0.01290	0.00700	0.00106	0.00100
1	0.01270	0.01544	0.00104	0.00100
1	0.01276	0.01882	0.00142	0.00100
1	0.00728	0.01278	0.01776	0.00100
1	0.00522	0.01304	0.01824	0.00100
1	0.00518	0.00534	0.01882	0.00100
1	0.00510	0.01770	0.01886	0.00100
1	0.00684	0.01094	0.01866	0.00100
1	0.00734	0.01490	0.01888	0.00100
1	0.00704	0.00342	0.01904	0.00100
1	0.00708	0.00668	0.01960	0.00100
1	0.00702	0.01864	0.01952	0.00100
1	0.00516	0.01316	0.01530	0.00100
1	0.00624	0.01109	0.01508	0.00100
1	0.00520	0.00336	0.01678	0.00100
1	0.00670	0.00090	0.01666	0.00100
1	0.00676	0.00556	0.01656	0.00100
1	0.00672	0.00830	0.01682	0.00100
1	0.00824	0.00910	0.01870	0.00100
1	0.00924	0.00144	0.01870	0.00100
1	0.00946	0.00520	0.01864	0.00100
1	0.00890	0.01332	0.01914	0.00100
1	0.00918	0.01704	0.01916	0.00100
1	0.00506	0.01722	0.01504	0.00100
1	0.00684	0.01882	0.01520	0.00100
1	0.00890	0.00096	0.01536	0.00100
1	0.00892	0.01338	0.01528	0.00100
1	0.00904	0.01740	0.01538	0.00100
1	0.00836	0.00286	0.01688	0.00100
1	0.00684	0.01678	0.01724	0.00100
1	0.00830	0.01840	0.01712	0.00100
1	0.00892	0.00670	0.01708	0.00100
1	0.00910	0.01534	0.01726	0.00100
1	0.00966	0.01030	0.01740	0.00100
1	0.00250	0.00250	0.01814	0.00100
1	0.00160	0.01306	0.01860	0.00100
1	0.00106	0.00112	0.01922	0.00100
1	0.00130	0.00554	0.01926	0.00100
1	0.00106	0.00899	0.01984	0.00100
1	0.00128	0.00058	0.01546	0.00100
1	0.00142	0.00266	0.01640	0.00100
1	0.00302	0.01682	0.01766	0.00100
1	0.00336	0.01500	0.01868	0.00100
1	0.00456	0.00090	0.01896	0.00100
1	0.00462	0.00864	0.01892	0.00100
1	0.00110	0.01722	0.01936	0.00100
1	0.00286	0.00720	0.01940	0.00100
1	0.00288	0.01076	0.01946	0.00100
1	0.00280	0.01902	0.01946	0.00100
1	0.00700	0.00040	0.01298	0.00100
1	0.00546	0.00288	0.01308	0.00100
1	0.00546	0.00116	0.01442	0.00100
1	0.00510	0.00488	0.01466	0.00100
1	0.00694	0.00302	0.01480	0.00100
1	0.00118	0.01274	0.01536	0.00100
1	0.00102	0.01716	0.01532	0.00100
1	0.00342	0.01092	0.01506	0.00100
1	0.00480	0.00908	0.01576	0.00100
1	0.00132	0.01090	0.01676	0.00100
1	0.00148	0.01428	0.01660	0.00100
1	0.00294	0.00068	0.01664	0.00100
1	0.00296	0.00486	0.01684	0.00100
1	0.00488	0.01458	0.01676	0.00100
1	0.00124	0.00706	0.01716	0.00100
1	0.00116	0.01882	0.01714	0.00100
1	0.00314	0.00864	0.01716	0.00100
1	0.00318	0.01330	0.01708	0.00100
1	0.00486	0.00730	0.01740	0.00100
1	0.00458	0.01097	0.01716	0.00100
1	0.00462	0.01952	0.01700	0.00100
1	0.00896	0.00686	0.01294	0.00100
1	0.00876	0.01866	0.01262	0.00100
1	0.00534	0.00718	0.01316	0.00100
1	0.00510	0.01076	0.01328	0.00100
1	0.00612	0.01312	0.01348	0.00100
1	0.00722	0.00500	0.01332	0.00100
1	0.00730	0.01694	0.01320	0.00100
1	0.00758	0.00906	0.01310	0.00100
1	0.00900	0.00260	0.01340	0.00100
1	0.00870	0.01466	0.01324	0.00100
1	0.00910	0.01060	0.01334	0.00100
1	0.00726	0.00706	0.01478	0.00100
1	0.00734	0.01470	0.01490	0.00100
1	0.00880	0.00560	0.01470	0.00100
1	0.00872	0.00926	0.01478	0.00100
1	0.00514	0.00046	0.01049	0.00100
1	0.00536	0.00564	0.01091	0.00100
1	0.00500	0.01284	0.01062	0.00100
1	0.00662	0.01151	0.01100	0.00100
1	0.00726	0.00270	0.01094	0.00100
1	0.00506	0.01724	0.01112	0.00100
1	0.00714	0.01902	0.01126	0.00100
1	0.00874	0.00120	0.01110	0.00100
1	0.00886	0.01278	0.01106	0.00100
1	0.00904	0.00550	0.01132	0.00100
1	0.00904	0.00911	0.01101	0.00100
1	0.00542	0.00880	0.01153	0.00100
1	0.00680	0.00690	0.01179	0.00100
1	0.00768	0.01506	0.01089	0.00100
1	0.00924	0.01716	0.01093	0.00100
1	0.00108	0.01091	0.01298	0.00100
1	0.00102	0.01954	0.01296	0.00100
1	0.00296	0.00112	0.01276	0.00100
1	0.00144	0.00270	0.01322	0.00100
1	0.00108	0.01456	0.01346	0.00100
1	0.00298	0.01316	0.01306	0.00100
1	0.00348	0.00468	0.01344	0.00100
1	0.00302	0.00874	0.01342	0.00100
1	0.00140	0.00544	0.01488	0.00100
1	0.00124	0.00865	0.01486	0.00100
1	0.00296	0.00262	0.01494	0.00100
1	0.00268	0.01446	0.01498	0.00100
1	0.00380	0.00732	0.01474	0.00100
1	0.00104	0.00938	0.01031	0.00100
1	0.00128	0.00152	0.01091	0.00100
1	0.00166	0.01740	0.01090	0.00100
1	0.00296	0.00722	0.01053	0.00100
1	0.00104	0.00508	0.01127	0.00100
1	0.00146	0.01326	0.01116	0.00100
1	0.00274	0.00298	0.01120	0.00100
1	0.00118	0.00704	0.01230	0.00100
1	0.00486	0.01560	0.01288	0.00100
1	0.00272	0.01680	0.01368	0.00100
1	0.00304	0.01844	0.01488	0.00100
1	0.00924	0.00488	0.00762	0.00100
1	0.00518	0.00312	0.00842	0.00100
1	0.00506	0.00706	0.00889	0.00100
1	0.00506	0.01071	0.00887	0.00100
1	0.00512	0.01864	0.00860	0.00100
1	0.00662	0.00098	0.00895	0.00100
1	0.00692	0.00462	0.00874	0.00100
1	0.00672	0.00923	0.00890	0.00100
1	0.00688	0.01338	0.00861	0.00100
1	0.00704	0.01650	0.00923	0.00100
1	0.00900	0.00346	0.00904	0.00100
1	0.00318	0.01578	0.01072	0.00100
1	0.00336	0.01162	0.01139	0.00100
1	0.00304	0.01892	0.01124	0.00100
1	0.00470	0.01902	0.01244	0.00100
1	0.00646	0.00114	0.00506	0.00100
1	0.00670	0.00480	0.00528	0.00100
1	0.00744	0.00738	0.00632	0.00100
1	0.00502	0.00110	0.00688	0.00100
1	0.00520	0.01266	0.00666	0.00100
1	0.00666	0.01064	0.00664	0.00100
1	0.00722	0.00250	0.00650	0.00100
1	0.00736	0.01536	0.00690	0.00100
1	0.00732	0.01898	0.00678	0.00100
1	0.00506	0.00506	0.00730	0.00100
1	0.00506	0.00928	0.00716	0.00100
1	0.00884	0.00134	0.00730	0.00100
1	0.00862	0.00696	0.00877	0.00100
1	0.00858	0.01004	0.00890	0.00100
1	0.00918	0.01916	0.00877	0.00100
1	0.00924	0.01540	0.00933	0.00100
1	0.00758	0.01716	0.00500	0.00100
1	0.00894	0.01740	0.00660	0.00100
1	0.00892	0.00870	0.00706	0.00100
1	0.00904	0.01322	0.00720	0.00100
1	0.00102	0.00696	0.00853	0.00100
1	0.00130	0.01472	0.00899	0.00100
1	0.00156	0.01992	0.00876	0.00100
1	0.00138	0.00302	0.00926	0.00100
1	0.00106	0.01136	0.00994	0.00100
1	0.00134	0.01950	0.00526	0.00100
1	0.00120	0.00516	0.00684	0.00100
1	0.00198	0.01258	0.00692	0.00100
1	0.00118	0.00148	0.00734	0.00100
1	0.00104	0.00923	0.00732	0.00100
1	0.00320	0.01484	0.00772	0.00100
1	0.00256	0.00500	0.00884	0.00100
1	0.00330	0.01678	0.00896	0.00100
1	0.00370	0.00144	0.00883	0.00100
1	0.00498	0.01548	0.00886	0.00100
1	0.00288	0.01244	0.00904	0.00100
1	0.00314	0.00965	0.00948	0.00100
1	0.00714	0.00740	0.00296	0.00100
1	0.00538	0.00886	0.00330	0.00100
1	0.00648	0.00318	0.00312	0.00100
1	0.00502	0.01108	0.00494	0.00100
1	0.00722	0.00933	0.00466	0.00100
1	0.00740	0.01284	0.00468	0.00100
1	0.00286	0.00568	0.00518	0.00100
1	0.00290	0.00914	0.00512	0.00100
1	0.00324	0.01742	0.00518	0.00100
1	0.00470	0.00734	0.00514	0.00100
1	0.00470	0.01734	0.00668	0.00100
1	0.00122	0.01700	0.00718	0.00100
1	0.00302	0.00346	0.00706	0.00100
1	0.00308	0.00788	0.00720	0.00100
1	0.00318	0.01934	0.00724	0.00100
1	0.00358	0.01122	0.00702	0.00100
1	0.00710	0.00066	0.00094	0.00100
1	0.00732	0.00868	0.00068	0.00100
1	0.00508	0.00706	0.00124	0.00100
1	0.00676	0.00504	0.00150	0.00100
1	0.00648	0.01510	0.00264	0.00100
1	0.00606	0.01932	0.00286	0.00100
1	0.00712	0.01053	0.00296	0.00100
1	0.00864	0.00522	0.00268	0.00100
1	0.00878	0.01304	0.00306	0.00100
1	0.00898	0.01700	0.00336	0.00100
1	0.00944	0.00895	0.00308	0.00100
1	0.00568	0.01726	0.00350	0.00100
1	0.00846	0.01926	0.00428	0.00100
1	0.00928	0.01486	0.00434	0.00100
1	0.00898	0.00344	0.00480	0.00100
1	0.00888	0.00670	0.00488	0.00100
1	0.00904	0.01063	0.00486	0.00100
1	0.00722	0.01218	0.00094	0.00100
1	0.00706	0.01668	0.00064	0.00100
1	0.00866	0.00396	0.00090	0.00100
1	0.00898	0.01936	0.00056	0.00100
1	0.00902	0.00712	0.00098	0.00100
1	0.00912	0.01091	0.00112	0.00100
1	0.00910	0.01456	0.00170	0.00100
1	0.00858	0.00060	0.00244	0.00100
1	0.00126	0.00102	0.00314	0.00100
1	0.00106	0.00864	0.00336	0.00100
1	0.00102	0.00250	0.00450	0.00100
1	0.00130	0.00318	0.00156	0.00100
1	0.00148	0.00518	0.00282	0.00100
1	0.00252	0.01892	0.00272	0.00100
1	0.00326	0.01100	0.00278	0.00100
1	0.00124	0.01674	0.00314	0.00100
1	0.00262	0.01504	0.00316	0.00100
1	0.00312	0.00386	0.00314	0.00100
1	0.00480	0.00086	0.00324	0.00100
1	0.00494	0.00556	0.00304	0.00100
1	0.00496	0.01298	0.00308	0.00100
1	0.00326	0.01270	0.00424	0.00100
1	0.00138	0.00714	0.00468	0.00100
1	0.00102	0.01472	0.00494	0.00100
1	0.00180	0.01094	0.00480	0.00100
1	0.00304	0.00060	0.00494	0.00100
1	0.00476	0.00316	0.00478	0.00100
1	0.00474	0.01508	0.00464	0.00100
1	0.00478	0.01946	0.00490	0.00100
1	0.00472	0.01033	0.00034	0.00100
1	0.00120	0.00714	0.00066	0.00100
1	0.00138	0.01098	0.00094	0.00100
1	0.00116	0.01876	0.00066	0.00100
1	0.00286	0.00476	0.00088	0.00100
1	0.00448	0.01496	0.00094	0.00100
1	0.00478	0.01894	0.00076	0.00100
1	0.00144	0.01494	0.00138	0.00100
1	0.00276	0.01336	0.00116	0.00100
1	0.00308	0.00892	0.00146	0.00100
1	0.00376	0.00082	0.00138	0.00100
1	0.00466	0.00274	0.00150	0.00100
1	0.00274	0.01694	0.00166	0.00100
1	0.00120	0.01272	0.00248	0.00100
1	0.00246	0.00690	0.00248	0.00100